x,y
0,-76
0,-76
0,-76
1,-75
1,-75
1,-75
1,-75
1,-75
2,-75
2,-75
2,-75
2,-75
2,-75
3,-75
3,-75
3,-75
3,-75
3,-75
4,-75
4,-75
4,-75
4,-75
4,-74
5,-74
5,-74
5,-74
5,-74
5,-74
6,-77
6,-77
6,-77
6,-77
6,-77
7,-77
7,-74
7,-74
7,-74
7,-74
8,-74
8,-74
8,-77
8,-77
8,-77
9,-77
9,-77
9,-77
9,-75
9,-75
10,-75
10,-75
10,-75
10,-75
10,-75
11,-75
11,-75
11,-75
11,-75
11,-75
12,-75
12,-75
12,-75
12,-75
12,-75
13,-75
13,-75
13,-75
13,-75
13,-75
14,-75
14,-75
14,-75
14,-75
14,-75
15,-75
15,-75
15,-75
15,-75
15,-75
16,-75
16,-75
16,-75
16,-75
16,-75
17,-75
17,-75
17,-75
17,-75
17,-75
18,-75
18,-75
18,-75
18,-75
18,-75
19,-75
19,-75
19,-74
19,-74
19,-74
20,-74
20,-74
20,-74
20,-74
20,-74
21,-74
21,-74
21,-74
21,-74
21,-76
22,-76
22,-76
22,-76
22,-76
22,-76
23,-76
23,-76
23,-76
23,-76
23,-76
24,-76
24,-75
24,-75
24,-75
24,-75
25,-75
25,-75
25,-74
25,-74
25,-74
26,-74
26,-74
26,-74
26,-73
26,-73
27,-73
27,-73
27,-73
27,-73
27,-74
28,-74
28,-74
28,-74
28,-74
28,-74
29,-74
29,-74
29,-74
29,-74
29,-74
30,-74
30,-74
30,-74
30,-74
30,-74
31,-74
31,-74
31,-74
31,-74
31,-74
32,-74
32,-74
32,-74
32,-74
32,-76
33,-76
33,-76
33,-76
33,-76
33,-76
34,-75
34,-75
34,-75
34,-75
34,-75
35,-75
35,-73
35,-73
35,-73
35,-73
36,-73
36,-73
36,-74
36,-74
36,-74
37,-74
37,-74
37,-74
37,-76
37,-76
38,-76
38,-76
38,-76
38,-76
38,-74
39,-74
39,-74
39,-74
39,-74
39,-74
40,-74
40,-74
40,-74
40,-74
40,-74
41,-74
41,-74
41,-74
41,-74
41,-74
42,-74
42,-74
42,-73
42,-73
42,-73
43,-73
43,-73
43,-73
43,-74
43,-74
44,-74
44,-74
44,-74
44,-74
44,-74
45,-74
45,-74
45,-74
45,-74
45,-74
46,-74
46,-74
46,-74
46,-74
46,-74
47,-74
47,-74
47,-73
47,-73
47,-73
48,-73
48,-73
48,-73
48,-74
48,-74
49,-74
49,-74
49,-74
49,-74
49,-75
50,-75
50,-75
50,-75
50,-75
50,-75
51,-76
51,-76
51,-76
51,-76
51,-76
52,-76
52,-74
52,-74
52,-74
52,-74
53,-74
53,-74
53,-76
53,-76
54,-76
54,-76
54,-76
54,-76
54,-74
55,-74
55,-74
55,-74
55,-74
55,-74
56,-73
56,-73
56,-73
56,-73
56,-73
57,-73
57,-76
57,-76
57,-76
57,-76
58,-76
58,-76
58,-74
58,-74
58,-74
59,-74
59,-74
59,-74
59,-74
59,-74
60,-74
60,-74
60,-74
60,-74
60,-74
61,-74
61,-74
61,-74
61,-74
61,-74
62,-74
62,-74
62,-74
62,-74
62,-74
63,-74
63,-77
63,-77
63,-77
63,-77
64,-77
64,-77
64,-77
64,-76
64,-76
65,-76
65,-76
65,-76
65,-76
65,-76
66,-76
66,-76
66,-76
66,-76
66,-76
67,-75
67,-75
67,-75
67,-75
67,-75
68,-75
68,-74
68,-74
68,-74
68,-74
69,-74
69,-74
69,-74
69,-74
69,-74
70,-74
70,-74
70,-74
70,-76
70,-76
71,-76
71,-76
71,-76
71,-76
71,-74
72,-74
72,-74
72,-74
72,-74
72,-74
73,-73
73,-73
73,-73
73,-73
73,-73
74,-73
74,-76
74,-76
74,-76
74,-76
75,-76
75,-76
75,-76
75,-76
75,-76
76,-76
76,-76
76,-76
76,-76
76,-76
77,-76
77,-76
77,-76
77,-76
77,-75
78,-75
78,-75
78,-75
78,-75
78,-75
79,-74
79,-74
79,-74
79,-74
79,-74
80,-74
80,-74
80,-76
80,-76
80,-76
81,-76
81,-76
81,-76
81,-74
81,-74
82,-74
82,-74
82,-74
82,-74
82,-74
83,-74
83,-74
83,-74
83,-74
83,-74
84,-76
84,-76
84,-76
84,-76
84,-76
85,-76
85,-75
85,-75
85,-75
85,-75
86,-75
86,-75
86,-75
86,-75
86,-75
87,-75
87,-75
87,-75
87,-73
87,-73
88,-73
88,-73
88,-73
88,-73
88,-76
89,-76
89,-76
89,-76
89,-76
89,-76
90,-73
90,-73
90,-73
90,-73
90,-73
91,-73
91,-75
91,-75
91,-75
91,-75
92,-75
92,-75
92,-73
92,-73
92,-73
93,-73
93,-73
93,-73
93,-76
93,-76
94,-76
94,-76
94,-76
94,-76
94,-75
95,-75
95,-75
95,-75
95,-75
95,-75
96,-75
96,-75
96,-75
96,-75
96,-75
97,-75
97,-76
97,-76
97,-76
97,-76
98,-76
98,-76
98,-76
98,-75
98,-75
99,-75
99,-75
99,-75
99,-75
99,-75
100,-75
100,-75
100,-75
100,-75
100,-75
101,-74
101,-74
101,-74
101,-74
101,-74
102,-74
102,-76
102,-76
102,-76
102,-76
103,-76
103,-76
103,-75
103,-75
103,-75
104,-75
104,-75
104,-75
104,-74
104,-74
105,-74
105,-74
105,-74
105,-74
105,-75
106,-75
106,-75
106,-75
106,-75
106,-75
107,-73
107,-73
107,-73
107,-73
107,-73
108,-73
108,-75
108,-75
108,-75
108,-75
109,-75
109,-75
109,-74
109,-74
109,-74
110,-74
110,-74
110,-74
110,-75
110,-75
111,-75
111,-75
111,-75
111,-75
111,-76
112,-76
112,-76
112,-76
112,-76
112,-76
113,-74
113,-74
113,-74
113,-74
113,-74
114,-74
114,-74
114,-74
114,-74
114,-74
115,-74
115,-74
115,-74
115,-76
115,-76
116,-76
116,-76
116,-76
116,-76
116,-73
117,-73
117,-73
117,-73
117,-73
117,-73
118,-76
118,-76
118,-76
118,-76
118,-76
119,-76
119,-75
119,-75
119,-75
119,-75
120,-75
120,-75
120,-75
120,-75
120,-75
121,-75
121,-75
121,-75
121,-74
121,-74
122,-74
122,-74
122,-74
122,-74
122,-74
123,-74
123,-74
123,-74
123,-74
123,-74
124,-73
124,-73
124,-73
124,-73
124,-73
125,-73
125,-74
125,-74
125,-74
125,-74
126,-74
126,-74
126,-73
126,-73
126,-73
127,-73
127,-73
127,-73
127,-73
127,-73
128,-73
128,-73
128,-73
128,-73
128,-73
129,-73
129,-73
129,-73
129,-73
129,-73
130,-75
130,-75
130,-75
130,-75
130,-75
131,-75
131,-76
131,-76
131,-76
131,-76
132,-76
132,-76
132,-76
132,-74
132,-74
133,-74
133,-74
133,-74
133,-74
133,-74
134,-74
134,-74
134,-74
134,-74
134,-74
135,-74
135,-74
135,-74
135,-74
135,-74
136,-74
136,-74
136,-74
136,-74
136,-74
137,-74
137,-74
137,-74
137,-74
137,-74
138,-74
138,-74
138,-74
138,-73
138,-73
139,-73
139,-73
139,-73
139,-73
139,-75
140,-75
140,-75
140,-75
140,-75
140,-75
141,-73
141,-73
141,-73
141,-73
141,-73
142,-73
142,-73
142,-73
142,-73
142,-73
143,-73
143,-73
143,-75
143,-75
143,-75
144,-75
144,-75
144,-75
144,-74
144,-74
145,-74
145,-74
145,-74
145,-74
145,-74
146,-74
146,-74
146,-74
146,-74
146,-74
147,-73
147,-73
147,-73
147,-73
147,-73
148,-73
148,-74
148,-74
148,-74
148,-74
149,-74
149,-74
149,-76
149,-76
150,-76
150,-76
150,-76
150,-76
150,-76
151,-76
151,-76
151,-76
151,-76
151,-76
152,-76
152,-73
152,-73
152,-73
152,-73
153,-73
153,-73
153,-73
153,-73
153,-73
154,-73
154,-73
154,-73
154,-73
154,-73
155,-73
155,-73
155,-73
155,-73
155,-75
156,-75
156,-75
156,-75
156,-75
156,-75
157,-73
157,-73
157,-73
157,-73
157,-73
158,-73
158,-75
158,-75
158,-75
158,-75
159,-75
159,-75
159,-75
159,-75
159,-75
160,-75
160,-75
160,-75
160,-73
160,-73
161,-73
161,-73
161,-73
161,-73
161,-75
162,-75
162,-75
162,-75
162,-75
162,-75
163,-73
163,-73
163,-73
163,-73
163,-73
164,-73
164,-74
164,-74
164,-74
164,-74
165,-74
165,-74
165,-74
165,-74
165,-74
166,-74
166,-74
166,-74
166,-76
166,-76
167,-76
167,-76
167,-76
167,-76
167,-75
168,-75
168,-75
168,-75
168,-75
168,-75
169,-75
169,-76
169,-76
169,-76
169,-76
170,-76
170,-76
170,-75
170,-75
170,-75
171,-75
171,-75
171,-75
171,-74
171,-74
172,-74
172,-74
172,-74
172,-74
172,-74
173,-74
173,-74
173,-74
173,-74
173,-74
174,-75
174,-75
174,-75
174,-75
174,-75
175,-75
175,-74
175,-74
175,-74
175,-74
176,-74
176,-74
176,-76
176,-76
176,-76
177,-76
177,-76
177,-76
177,-75
177,-75
178,-75
178,-75
178,-75
178,-75
178,-73
179,-73
179,-73
179,-73
179,-73
179,-73
180,-74
180,-74
180,-74
180,-74
180,-74
181,-74
181,-76
181,-76
181,-76
181,-76
182,-76
182,-76
182,-75
182,-75
182,-75
183,-75
183,-75
183,-75
183,-75
183,-75
184,-75
184,-75
184,-75
184,-75
184,-75
185,-75
185,-75
185,-75
185,-75
185,-75
186,-75
186,-75
186,-75
186,-75
186,-75
187,-75
187,-75
187,-77
187,-77
187,-77
188,-77
188,-77
188,-77
188,-76
188,-76
189,-76
189,-76
189,-76
189,-76
189,-73
190,-73
190,-73
190,-73
190,-73
190,-73
191,-75
191,-75
191,-75
191,-75
191,-75
192,-75
192,-76
192,-76
192,-76
192,-76
193,-76
193,-76
193,-74
193,-74
193,-74
194,-74
194,-74
194,-74
194,-75
194,-75
195,-75
195,-75
195,-75
195,-75
195,-74
196,-74
196,-74
196,-74
196,-74
196,-74
197,-76
197,-76
197,-76
197,-76
197,-76
198,-76
198,-74
198,-74
198,-74
198,-74
199,-74
199,-74
199,-74
199,-75
199,-75
200,-75
200,-75
200,-75
200,-75
200,-75
201,-75
201,-75
201,-75
201,-75
201,-75
202,-74
202,-74
202,-74
202,-74
202,-74
203,-74
203,-75
203,-75
203,-75
203,-75
204,-75
204,-75
204,-75
204,-75
204,-75
205,-75
205,-75
205,-75
205,-76
205,-76
206,-76
206,-76
206,-76
206,-76
206,-76
207,-76
207,-76
207,-76
207,-76
207,-76
208,-75
208,-75
208,-75
208,-75
208,-75
209,-75
209,-76
209,-76
209,-76
209,-76
210,-76
210,-76
210,-74
210,-74
210,-74
211,-74
211,-74
211,-74
211,-75
211,-75
212,-75
212,-75
212,-75
212,-75
212,-75
213,-75
213,-75
213,-75
213,-75
213,-75
214,-75
214,-73
214,-73
214,-73
214,-73
215,-73
215,-73
215,-73
215,-73
215,-73
216,-73
216,-73
216,-73
216,-75
216,-75
217,-75
217,-75
217,-75
217,-75
217,-75
218,-75
218,-75
218,-75
218,-75
218,-75
219,-75
219,-75
219,-75
219,-75
219,-75
220,-75
220,-75
220,-75
220,-75
220,-75
221,-75
221,-75
221,-76
221,-76
221,-76
222,-76
222,-76
222,-76
222,-73
222,-73
223,-73
223,-73
223,-73
223,-73
223,-75
224,-75
224,-75
224,-75
224,-75
224,-75
225,-76
225,-76
225,-76
225,-76
226,-76
226,-76
226,-76
226,-75
226,-75
227,-75
227,-75
227,-75
227,-75
227,-74
228,-74
228,-74
228,-74
228,-74
228,-74
229,-76
229,-76
229,-76
229,-76
229,-76
230,-76
230,-74
230,-74
230,-74
230,-74
231,-74
231,-74
231,-75
231,-75
231,-75
232,-75
232,-75
232,-75
232,-73
232,-73
233,-73
233,-73
233,-73
233,-73
233,-76
234,-76
234,-76
234,-76
234,-76
234,-76
235,-77
235,-77
235,-77
235,-77
235,-77
236,-77
236,-75
236,-75
236,-75
236,-75
237,-75
237,-75
237,-74
237,-74
237,-74
238,-74
238,-74
238,-74
238,-74
238,-76
239,-76
239,-76
239,-76
239,-76
239,-76
240,-76
240,-76
240,-76
240,-76
240,-76
241,-76
241,-75
241,-75
241,-75
241,-75
242,-75
242,-75
242,-75
242,-75
242,-75
243,-75
243,-75
243,-75
243,-75
243,-75
244,-75
244,-75
244,-75
244,-75
244,-74
245,-74
245,-74
245,-74
245,-74
245,-74
246,-75
246,-75
246,-75
246,-75
246,-75
247,-75
247,-75
247,-75
247,-75
247,-75
248,-75
248,-75
248,-73
248,-73
248,-73
249,-73
249,-73
249,-73
249,-73
249,-73
250,-73
250,-73
250,-73
250,-73
250,-73
251,-73
251,-73
251,-73
251,-73
251,-73
252,-73
252,-74
252,-74
252,-74
252,-74
253,-74
253,-74
253,-74
253,-74
253,-74
254,-74
254,-74
254,-74
254,-76
254,-76
255,-76
255,-76
255,-76
255,-76
255,-75
256,-75
256,-75
256,-75
256,-75
256,-75
257,-76
257,-76
257,-76
257,-76
257,-76
258,-76
258,-76
258,-76
258,-76
258,-76
259,-76
259,-76
259,-76
259,-76
259,-76
260,-76
260,-76
260,-76
260,-74
260,-74
261,-74
261,-74
261,-74
261,-74
261,-76
262,-76
262,-76
262,-76
262,-76
262,-76
263,-74
263,-74
263,-74
263,-74
263,-74
264,-74
264,-73
264,-73
264,-73
264,-73
265,-73
265,-73
265,-75
265,-75
265,-75
266,-75
266,-75
266,-75
266,-76
266,-76
267,-76
267,-76
267,-76
267,-76
267,-74
268,-74
268,-74
268,-74
268,-74
268,-74
269,-75
269,-75
269,-75
269,-75
269,-75
270,-75
270,-75
270,-75
270,-75
270,-75
271,-75
271,-75
271,-75
271,-75
271,-75
272,-75
272,-75
272,-75
272,-75
272,-76
273,-76
273,-76
273,-76
273,-76
273,-76
274,-76
274,-76
274,-76
274,-76
274,-76
275,-76
275,-74
275,-74
275,-74
275,-74
276,-74
276,-74
276,-75
276,-75
276,-75
277,-75
277,-75
277,-75
277,-75
277,-75
278,-75
278,-75
278,-75
278,-75
278,-75
279,-75
279,-75
279,-75
279,-75
279,-75
280,-75
280,-75
280,-75
280,-75
280,-75
281,-75
281,-76
281,-76
281,-76
281,-76
282,-76
282,-76
282,-74
282,-74
282,-74
283,-74
283,-74
283,-74
283,-77
283,-77
284,-77
284,-77
284,-77
284,-77
284,-76
285,-76
285,-76
285,-76
285,-76
285,-76
286,-75
286,-75
286,-75
286,-75
286,-75
287,-75
287,-76
287,-76
287,-76
287,-76
288,-76
288,-76
288,-76
288,-75
288,-75
289,-75
289,-75
289,-75
289,-75
289,-73
290,-73
290,-73
290,-73
290,-73
290,-73
291,-73
291,-73
291,-73
291,-73
291,-73
292,-73
292,-74
292,-74
292,-74
292,-74
293,-74
293,-74
293,-74
293,-74
293,-74
294,-74
294,-74
294,-74
294,-75
294,-75
295,-75
295,-75
295,-75
295,-75
295,-74
296,-74
296,-74
296,-74
296,-74
296,-74
297,-76
297,-76
297,-76
297,-76
297,-76
298,-76
298,-76
298,-76
298,-76
298,-76
299,-76
299,-76
299,-73
299,-73
299,-73
300,-73
300,-73
300,-73
300,-72
300,-72
301,-72
301,-72
301,-72
301,-72
301,-76
302,-76
302,-76
302,-76
302,-76
302,-76
303,-76
303,-76
303,-76
303,-76
303,-76
304,-76
304,-76
304,-76
304,-76
304,-76
305,-76
305,-76
305,-76
305,-76
305,-76
306,-76
306,-76
306,-76
306,-76
306,-74
307,-74
307,-74
307,-74
307,-74
307,-74
308,-75
308,-75
308,-75
308,-75
308,-75
309,-75
309,-75
309,-75
309,-75
309,-75
310,-75
310,-75
310,-75
310,-75
310,-75
311,-75
311,-75
311,-75
311,-76
311,-76
312,-76
312,-76
312,-76
312,-76
312,-74
313,-74
313,-74
313,-74
313,-74
313,-74
314,-74
314,-74
314,-74
314,-74
314,-74
315,-74
315,-75
315,-75
315,-75
315,-75
316,-75
316,-75
316,-73
316,-73
316,-73
317,-73
317,-73
317,-73
317,-76
317,-76
318,-76
318,-76
318,-76
318,-76
318,-75
319,-75
319,-75
319,-75
319,-75
319,-75
320,-75
320,-75
320,-75
320,-75
320,-75
321,-75
321,-74
321,-74
321,-74
321,-74
322,-74
322,-74
322,-75
322,-75
322,-75
323,-75
323,-75
323,-75
323,-75
323,-73
324,-73
324,-73
324,-73
324,-73
324,-73
325,-74
325,-74
325,-74
325,-74
326,-74
326,-74
326,-74
326,-74
326,-74
327,-74
327,-74
327,-74
327,-76
327,-76
328,-76
328,-76
328,-76
328,-76
328,-76
329,-76
329,-76
329,-76
329,-76
329,-76
330,-73
330,-73
330,-73
330,-73
330,-73
331,-73
331,-74
331,-74
331,-74
331,-74
332,-74
332,-74
332,-76
332,-76
332,-76
333,-76
333,-76
333,-76
333,-73
333,-73
334,-73
334,-73
334,-73
334,-73
334,-73
335,-73
335,-73
335,-73
335,-73
335,-73
336,-75
336,-75
336,-75
336,-75
336,-75
337,-75
337,-74
337,-74
337,-74
337,-74
338,-74
338,-74
338,-76
338,-76
338,-76
339,-76
339,-76
339,-76
339,-75
339,-75
340,-75
340,-75
340,-75
340,-75
340,-76
341,-76
341,-76
341,-76
341,-76
341,-76
342,-76
342,-76
342,-76
342,-76
342,-76
343,-76
343,-76
343,-76
343,-76
343,-76
344,-76
344,-76
344,-76
344,-76
344,-76
345,-76
345,-76
345,-76
345,-76
345,-76
346,-76
346,-76
346,-76
346,-76
346,-76
347,-75
347,-75
347,-75
347,-75
347,-75
348,-75
348,-75
348,-75
348,-75
348,-75
349,-75
349,-75
349,-74
349,-74
349,-74
350,-74
350,-74
350,-74
350,-75
350,-75
351,-75
351,-75
351,-75
351,-75
351,-75
352,-75
352,-75
352,-75
352,-75
352,-75
353,-74
353,-74
353,-74
353,-74
353,-74
354,-74
354,-74
354,-74
354,-74
354,-74
355,-74
355,-74
355,-74
355,-74
355,-74
356,-74
356,-74
356,-74
356,-76
356,-76
357,-76
357,-76
357,-76
357,-76
357,-76
358,-74
358,-74
358,-74
358,-74
358,-74
359,-74
359,-75
359,-75
359,-75
359,-75
360,-75
360,-75
360,-74
360,-74
360,-74
361,-74
361,-74
361,-74
361,-73
361,-73
362,-73
362,-73
362,-73
362,-73
362,-75
363,-75
363,-75
363,-75
363,-75
363,-75
364,-75
364,-75
364,-75
364,-75
364,-75
365,-75
365,-75
365,-75
365,-75
365,-75
366,-75
366,-75
366,-75
366,-75
366,-75
367,-75
367,-75
367,-75
367,-75
367,-75
368,-75
368,-75
368,-75
368,-75
368,-76
369,-76
369,-76
369,-76
369,-76
369,-76
370,-77
370,-77
370,-77
370,-77
370,-77
371,-77
371,-75
371,-75
371,-75
371,-75
372,-75
372,-75
372,-75
372,-75
372,-75
373,-75
373,-75
373,-75
373,-76
373,-76
374,-76
374,-76
374,-76
374,-76
374,-76
375,-76
375,-76
375,-76
375,-76
375,-76
376,-75
376,-75
376,-75
376,-75
376,-75
377,-75
377,-75
377,-75
377,-75
377,-75
378,-75
378,-75
378,-75
378,-78
378,-78
379,-78
379,-78
379,-78
379,-78
379,-76
380,-76
380,-76
380,-76
380,-76
380,-76
381,-74
381,-74
381,-74
381,-74
381,-74
382,-74
382,-75
382,-75
382,-75
382,-75
383,-75
383,-75
383,-76
383,-76
383,-76
384,-76
384,-76
384,-76
384,-75
384,-75
385,-75
385,-75
385,-75
385,-75
385,-74
386,-74
386,-74
386,-74
386,-74
386,-74
387,-73
387,-73
387,-73
387,-73
387,-73
388,-73
388,-76
388,-76
388,-76
388,-76
389,-76
389,-76
389,-76
389,-76
390,-76
390,-76
390,-76
390,-76
390,-74
391,-74
391,-74
391,-74
391,-74
391,-74
392,-72
392,-72
392,-72
392,-72
392,-72
393,-72
393,-73
393,-73
393,-73
393,-73
394,-73
394,-73
394,-76
394,-76
394,-76
395,-76
395,-76
395,-76
395,-77
395,-77
396,-77
396,-77
396,-77
396,-77
396,-77
397,-74
397,-74
397,-74
397,-74
397,-74
398,-74
398,-76
398,-76
398,-76
398,-76
399,-76
399,-76
399,-74
399,-74
399,-74
400,-74
400,-74
400,-74
400,-73
400,-73
401,-73
401,-73
401,-73
401,-73
401,-75
402,-75
402,-75
402,-75
402,-75
402,-75
403,-76
403,-76
403,-76
403,-76
403,-76
404,-76
404,-73
404,-73
404,-73
404,-73
405,-73
405,-73
405,-75
405,-75
405,-75
406,-75
406,-75
406,-75
406,-74
406,-74
407,-74
407,-74
407,-74
407,-74
407,-74
408,-74
408,-74
408,-74
408,-74
408,-74
409,-76
409,-76
409,-76
409,-76
409,-76
410,-76
410,-75
410,-75
410,-75
410,-75
411,-75
411,-75
411,-76
411,-76
411,-76
412,-76
412,-76
412,-76
412,-76
412,-76
413,-76
413,-76
413,-76
413,-76
413,-76
414,-76
414,-76
414,-76
414,-76
414,-76
415,-76
415,-75
415,-75
415,-75
415,-75
416,-75
416,-75
416,-75
416,-75
416,-75
417,-75
417,-75
417,-75
417,-76
417,-76
418,-76
418,-76
418,-76
418,-76
418,-74
419,-74
419,-74
419,-74
419,-74
419,-74
420,-76
420,-76
420,-76
420,-76
420,-76
421,-76
421,-74
421,-74
421,-74
421,-74
422,-74
422,-74
422,-77
422,-77
422,-77
423,-77
423,-77
423,-77
423,-75
423,-75
424,-75
424,-75
424,-75
424,-75
424,-75
425,-75
425,-75
425,-75
425,-75
425,-75
426,-75
426,-75
426,-75
426,-75
426,-75
427,-75
427,-74
427,-74
427,-74
427,-74
428,-74
428,-74
428,-74
428,-76
428,-76
429,-76
429,-76
429,-76
429,-76
429,-76
430,-76
430,-76
430,-76
430,-76
430,-76
431,-74
431,-74
431,-74
431,-74
431,-74
432,-74
432,-76
432,-76
432,-76
432,-76
433,-76
433,-76
433,-76
433,-76
433,-76
434,-76
434,-76
434,-76
434,-74
434,-74
435,-74
435,-74
435,-74
435,-74
435,-74
436,-74
436,-74
436,-74
436,-74
436,-74
437,-73
437,-73
437,-73
437,-73
437,-73
438,-73
438,-74
438,-74
438,-74
438,-74
439,-74
439,-74
439,-74
439,-73
439,-73
440,-73
440,-73
440,-73
440,-73
440,-75
441,-75
441,-75
441,-75
441,-75
441,-75
442,-75
442,-75
442,-75
442,-75
442,-75
443,-75
443,-75
443,-75
443,-75
443,-75
444,-75
444,-75
444,-75
444,-75
444,-75
445,-75
445,-75
445,-75
445,-74
445,-74
446,-74
446,-74
446,-74
446,-74
446,-76
447,-76
447,-76
447,-76
447,-76
447,-76
448,-75
448,-75
448,-75
448,-75
448,-75
449,-75
449,-73
449,-73
449,-73
449,-73
450,-73
450,-73
450,-73
450,-75
450,-75
451,-75
451,-75
451,-75
451,-75
451,-74
452,-74
452,-74
452,-74
452,-74
452,-74
453,-76
453,-76
453,-76
453,-76
453,-76
454,-76
454,-74
454,-74
454,-74
454,-74
455,-74
455,-74
455,-76
455,-76
455,-76
456,-76
456,-76
456,-76
456,-74
456,-74
457,-74
457,-74
457,-74
457,-74
457,-74
458,-74
458,-74
458,-74
458,-74
458,-74
459,-75
459,-75
459,-75
459,-75
459,-75
460,-75
460,-75
460,-75
460,-75
460,-75
461,-75
461,-75
461,-76
461,-76
461,-76
462,-76
462,-76
462,-76
462,-75
462,-75
463,-75
463,-75
463,-75
463,-75
463,-76
464,-76
464,-76
464,-76
464,-76
464,-76
465,-76
465,-76
465,-76
465,-76
465,-76
466,-76
466,-76
466,-73
466,-73
466,-73
467,-73
467,-73
467,-73
467,-73
467,-73
468,-73
468,-73
468,-73
468,-73
468,-75
469,-75
469,-75
469,-75
469,-75
469,-75
470,-76
470,-76
470,-76
470,-76
470,-76
471,-76
471,-74
471,-74
471,-74
471,-74
472,-74
472,-74
472,-73
472,-73
472,-73
473,-73
473,-73
473,-73
473,-74
473,-74
474,-74
474,-74
474,-74
474,-74
474,-75
475,-75
475,-75
475,-75
475,-75
475,-75
476,-73
476,-73
476,-73
476,-73
476,-73
477,-73
477,-73
477,-73
477,-73
477,-73
478,-73
478,-73
478,-73
478,-73
478,-73
479,-73
479,-73
479,-73
479,-73
479,-75
480,-75
480,-75
480,-75
480,-75
480,-75
481,-74
481,-74
481,-74
481,-74
481,-74
482,-74
482,-76
482,-76
482,-76
482,-76
483,-76
483,-76
483,-74
483,-74
483,-74
484,-74
484,-74
484,-74
484,-76
484,-76
485,-76
485,-76
485,-76
485,-76
485,-76
486,-76
486,-76
486,-76
486,-76
486,-76
487,-75
487,-75
487,-75
487,-75
487,-75
488,-75
488,-76
488,-76
488,-76
488,-76
489,-76
489,-76
489,-75
489,-75
489,-75
490,-75
490,-75
490,-75
490,-77
490,-77
491,-77
491,-77
491,-77
491,-77
491,-75
492,-75
492,-75
492,-75
492,-75
492,-75
493,-76
493,-76
493,-76
493,-76
493,-76
494,-76
494,-76
494,-76
494,-76
494,-76
495,-76
495,-76
495,-76
495,-76
495,-76
496,-76
496,-76
496,-76
496,-75
496,-75
497,-75
497,-75
497,-75
497,-75
497,-75
498,-74
498,-74
498,-74
498,-74
498,-74
499,-74
499,-73
499,-73
499,-73
499,-73
500,-73
500,-73
500,-74
500,-74
500,-74
501,-74
501,-74
501,-74
501,-74
501,-74
502,-74
502,-74
502,-74
502,-74
503,-74
503,-74
503,-74
503,-74
503,-74
504,-74
504,-75
504,-75
504,-75
504,-75
505,-75
505,-75
505,-74
505,-74
505,-74
506,-74
506,-74
506,-74
506,-75
506,-75
507,-75
507,-75
507,-75
507,-75
507,-76
508,-76
508,-76
508,-76
508,-76
508,-76
509,-76
509,-76
509,-76
509,-76
509,-76
510,-76
510,-74
510,-74
510,-74
510,-74
511,-74
511,-74
511,-74
511,-74
511,-74
512,-74
512,-74
512,-74
512,-74
512,-74
513,-74
513,-74
513,-74
513,-74
513,-74
514,-76
514,-76
514,-76
514,-76
514,-76
515,-76
515,-76
515,-76
515,-76
515,-76
516,-76
516,-76
516,-76
516,-76
516,-76
517,-76
517,-76
517,-76
517,-76
517,-76
518,-76
518,-76
518,-76
518,-76
518,-74
519,-74
519,-74
519,-74
519,-74
519,-74
520,-74
520,-74
520,-74
520,-74
520,-74
521,-74
521,-76
521,-76
521,-76
521,-76
522,-76
522,-76
522,-76
522,-76
522,-76
523,-76
523,-76
523,-76
523,-76
523,-76
524,-76
524,-76
524,-76
524,-76
524,-73
525,-73
525,-73
525,-73
525,-73
525,-73
526,-75
526,-75
526,-75
526,-75
526,-75
527,-75
527,-76
527,-76
527,-76
527,-76
528,-76
528,-76
528,-74
528,-74
528,-74
529,-74
529,-74
529,-74
529,-75
529,-75
530,-75
530,-75
530,-75
530,-75
530,-75
531,-75
531,-75
531,-75
531,-75
531,-75
532,-75
532,-75
532,-75
532,-75
532,-75
533,-75
533,-75
533,-74
533,-74
533,-74
534,-74
534,-74
534,-74
534,-75
534,-75
535,-75
535,-75
535,-75
535,-75
535,-74
536,-74
536,-74
536,-74
536,-74
536,-74
537,-76
537,-76
537,-76
537,-76
537,-76
538,-76
538,-76
538,-76
538,-76
538,-76
539,-76
539,-76
539,-74
539,-74
539,-74
540,-74
540,-74
540,-74
540,-75
540,-75
541,-75
541,-75
541,-75
541,-75
541,-76
542,-76
542,-76
542,-76
542,-76
542,-76
543,-73
543,-73
543,-73
543,-73
543,-73
544,-73
544,-74
544,-74
544,-74
544,-74
545,-74
545,-74
545,-74
545,-76
545,-76
546,-76
546,-76
546,-76
546,-76
546,-74
547,-74
547,-74
547,-74
547,-74
547,-74
548,-74
548,-74
548,-74
548,-74
548,-74
549,-74
549,-76
549,-76
549,-76
549,-76
550,-76
550,-76
550,-76
550,-76
550,-76
551,-76
551,-76
551,-76
551,-76
551,-76
552,-76
552,-76
552,-76
552,-76
552,-76
553,-76
553,-76
553,-76
553,-76
553,-76
554,-74
554,-74
554,-74
554,-74
554,-74
555,-74
555,-74
555,-74
555,-74
555,-74
556,-74
556,-74
556,-76
556,-76
556,-76
557,-76
557,-76
557,-76
557,-74
557,-74
558,-74
558,-74
558,-74
558,-74
558,-74
559,-76
559,-76
559,-76
559,-76
559,-76
560,-76
560,-74
560,-74
560,-74
560,-74
561,-74
561,-74
561,-76
561,-76
561,-76
562,-76
562,-76
562,-76
562,-73
562,-73
563,-73
563,-73
563,-73
563,-73
563,-74
564,-74
564,-74
564,-74
564,-74
564,-74
565,-75
565,-75
565,-75
565,-75
565,-75
566,-75
566,-76
566,-76
566,-76
566,-76
567,-76
567,-76
567,-75
567,-75
567,-75
568,-75
568,-75
568,-75
568,-73
568,-73
569,-73
569,-73
569,-73
569,-73
569,-75
570,-75
570,-75
570,-75
570,-75
570,-75
571,-73
571,-73
571,-73
571,-73
571,-73
572,-73
572,-73
572,-76
572,-76
572,-76
573,-76
573,-76
573,-76
573,-75
573,-75
574,-75
574,-75
574,-75
574,-75
574,-73
575,-73
575,-73
575,-73
575,-73
575,-73
576,-76
576,-76
576,-76
576,-76
576,-76
577,-76
577,-76
577,-76
577,-76
577,-76
578,-76
578,-76
578,-74
578,-74
578,-74
579,-74
579,-74
579,-74
579,-74
579,-74
580,-74
580,-74
580,-74
580,-74
580,-75
581,-75
581,-75
581,-75
581,-75
581,-75
582,-73
582,-73
582,-73
582,-73
582,-73
583,-73
583,-73
583,-73
583,-73
583,-73
584,-73
584,-73
584,-74
584,-74
584,-74
585,-74
585,-74
585,-74
585,-74
585,-74
586,-74
586,-74
586,-74
586,-74
586,-74
587,-76
587,-76
587,-76
587,-76
587,-76
588,-76
588,-76
588,-76
588,-76
588,-76
589,-76
589,-76
589,-76
589,-76
589,-76
590,-76
590,-76
590,-76
590,-73
590,-73
591,-73
591,-73
591,-73
591,-73
591,-73
592,-73
592,-73
592,-73
592,-73
592,-73
593,-76
593,-76
593,-76
593,-76
593,-76
594,-76
594,-76
594,-76
594,-76
594,-76
595,-76
595,-76
595,-75
595,-75
595,-75
596,-75
596,-75
596,-75
596,-73
596,-73
597,-73
597,-73
597,-73
597,-73
597,-74
598,-74
598,-74
598,-74
598,-74
598,-74
599,-75
599,-75
599,-75
599,-75
599,-75
600,-75
600,-73
600,-73
600,-73
600,-73
601,-73
601,-73
601,-73
601,-76
601,-76
602,-76
602,-76
602,-76
602,-76
602,-74
603,-74
603,-74
603,-74
603,-74
603,-74
604,-76
604,-76
604,-76
604,-76
604,-76
605,-76
605,-76
605,-76
605,-76
605,-76
606,-76
606,-76
606,-75
606,-75
606,-75
607,-75
607,-75
607,-75
607,-75
607,-75
608,-75
608,-75
608,-75
608,-75
608,-76
609,-76
609,-76
609,-76
609,-76
609,-76
610,-74
610,-74
610,-74
610,-74
610,-74
611,-74
611,-76
611,-76
611,-76
611,-76
612,-76
612,-76
612,-74
612,-74
612,-74
613,-74
613,-74
613,-74
613,-74
613,-74
614,-74
614,-74
614,-74
614,-74
614,-76
615,-76
615,-76
615,-76
615,-76
615,-76
616,-76
616,-76
616,-76
616,-76
617,-76
617,-76
617,-76
617,-75
617,-75
618,-75
618,-75
618,-75
618,-75
618,-74
619,-74
619,-74
619,-74
619,-74
619,-74
620,-76
620,-76
620,-76
620,-76
620,-76
621,-76
621,-74
621,-74
621,-74
621,-74
622,-74
622,-74
622,-74
622,-74
622,-74
623,-74
623,-74
623,-74
623,-76
623,-76
624,-76
624,-76
624,-76
624,-76
624,-75
625,-75
625,-75
625,-75
625,-75
625,-75
626,-75
626,-75
626,-75
626,-75
626,-75
627,-75
627,-73
627,-73
627,-73
627,-73
628,-73
628,-73
628,-73
628,-73
628,-73
629,-73
629,-73
629,-73
629,-74
629,-74
630,-74
630,-74
630,-74
630,-74
630,-75
631,-75
631,-75
631,-75
631,-75
631,-75
632,-73
632,-73
632,-73
632,-73
632,-73
633,-73
633,-73
633,-73
633,-73
633,-73
634,-73
634,-73
634,-73
634,-76
634,-76
635,-76
635,-76
635,-76
635,-76
635,-75
636,-75
636,-75
636,-75
636,-75
636,-75
637,-75
637,-75
637,-75
637,-75
637,-75
638,-75
638,-76
638,-76
638,-76
638,-76
639,-76
639,-76
639,-73
639,-73
639,-73
640,-73
640,-73
640,-73
640,-75
640,-75
641,-75
641,-75
641,-75
641,-75
641,-75
642,-75
642,-75
642,-75
642,-75
642,-75
643,-76
643,-76
643,-76
643,-76
643,-76
644,-76
644,-74
644,-74
644,-74
644,-74
645,-74
645,-74
645,-77
645,-77
645,-77
646,-77
646,-77
646,-77
646,-74
646,-74
647,-74
647,-74
647,-74
647,-74
647,-73
648,-73
648,-73
648,-73
648,-73
648,-73
649,-75
649,-75
649,-75
649,-75
649,-75
650,-75
650,-75
650,-73
650,-73
650,-73
651,-73
651,-73
651,-73
651,-74
651,-74
652,-74
652,-74
652,-74
652,-74
652,-75
653,-75
653,-75
653,-75
653,-75
653,-75
654,-74
654,-74
654,-74
654,-74
654,-74
655,-74
655,-75
655,-75
655,-75
655,-75
656,-75
656,-75
656,-75
656,-75
656,-75
657,-75
657,-75
657,-75
657,-75
657,-75
658,-75
658,-75
658,-75
658,-75
658,-76
659,-76
659,-76
659,-76
659,-76
659,-76
660,-73
660,-73
660,-73
660,-73
660,-73
661,-73
661,-74
661,-74
661,-74
661,-74
662,-74
662,-74
662,-75
662,-75
662,-75
663,-75
663,-75
663,-75
663,-74
663,-74
664,-74
664,-74
664,-74
664,-74
664,-75
665,-75
665,-75
665,-75
665,-75
665,-75
666,-74
666,-74
666,-74
666,-74
666,-74
667,-74
667,-74
667,-74
667,-74
667,-74
668,-74
668,-74
668,-75
668,-75
668,-75
669,-75
669,-75
669,-75
669,-75
669,-76
670,-76
670,-76
670,-76
670,-76
670,-76
671,-76
671,-76
671,-76
671,-76
671,-76
672,-76
672,-76
672,-76
672,-76
672,-76
673,-76
673,-76
673,-76
673,-76
673,-76
674,-76
674,-76
674,-76
674,-73
674,-73
675,-73
675,-73
675,-73
675,-73
675,-74
676,-74
676,-74
676,-74
676,-74
676,-74
677,-76
677,-76
677,-76
677,-76
677,-76
678,-76
678,-76
678,-76
678,-76
678,-76
679,-76
679,-76
679,-73
679,-73
679,-73
680,-73
680,-73
680,-73
680,-74
680,-74
681,-74
681,-74
681,-74
681,-74
681,-74
682,-74
682,-74
682,-74
682,-74
682,-74
683,-74
683,-74
683,-74
683,-74
683,-74
684,-74
684,-74
684,-76
684,-76
684,-76
685,-76
685,-76
685,-76
685,-76
685,-76
686,-76
686,-76
686,-76
686,-76
686,-76
687,-76
687,-76
687,-76
687,-76
687,-76
688,-73
688,-73
688,-73
688,-73
688,-73
689,-73
689,-76
689,-76
689,-76
689,-76
690,-76
690,-76
690,-75
690,-75
690,-75
691,-75
691,-75
691,-75
691,-73
691,-73
692,-73
692,-73
692,-73
692,-73
692,-75
693,-75
693,-75
693,-75
693,-75
693,-75
694,-75
694,-75
694,-75
694,-75
694,-75
695,-75
695,-76
695,-76
695,-76
695,-76
696,-76
696,-76
696,-74
696,-74
696,-74
697,-74
697,-74
697,-74
697,-74
697,-74
698,-74
698,-74
698,-74
698,-74
698,-73
699,-73
699,-73
699,-73
699,-73
699,-73
700,-76
700,-76
700,-76
700,-76
700,-76
701,-76
701,-73
701,-73
701,-73
701,-73
702,-73
702,-73
702,-73
702,-73
703,-73
703,-73
703,-73
703,-73
703,-73
704,-76
704,-76
704,-76
704,-76
704,-76
705,-76
705,-76
705,-76
705,-76
705,-76
706,-76
706,-76
706,-74
706,-74
706,-74
707,-74
707,-74
707,-74
707,-73
707,-73
708,-73
708,-73
708,-73
708,-73
708,-75
709,-75
709,-75
709,-75
709,-75
709,-75
710,-74
710,-74
710,-74
710,-74
710,-74
711,-74
711,-77
711,-77
711,-77
711,-77
712,-77
712,-77
712,-75
712,-75
712,-75
713,-75
713,-75
713,-75
713,-74
713,-74
714,-74
714,-74
714,-74
714,-74
714,-76
715,-76
715,-76
715,-76
715,-76
715,-76
716,-76
716,-76
716,-76
716,-76
716,-76
717,-76
717,-76
717,-76
717,-76
717,-76
718,-76
718,-76
718,-76
718,-76
718,-76
719,-76
719,-76
719,-76
719,-76
719,-75
720,-75
720,-75
720,-75
720,-75
720,-75
721,-75
721,-75
721,-75
721,-75
721,-75
722,-75
722,-76
722,-76
722,-76
722,-76
723,-76
723,-76
723,-74
723,-74
723,-74
724,-74
724,-74
724,-74
