x,y
0,-70
0,-70
0,-70
1,-70
1,-70
1,-70
1,-70
1,-70
2,-70
2,-71
2,-71
2,-71
2,-71
3,-71
3,-71
3,-71
3,-71
3,-71
4,-71
4,-71
4,-71
4,-71
4,-71
5,-71
5,-71
5,-71
5,-71
5,-71
6,-71
6,-71
6,-71
6,-71
6,-71
7,-71
7,-71
7,-71
7,-71
7,-71
8,-71
8,-71
8,-70
8,-70
8,-70
9,-70
9,-70
9,-70
9,-70
9,-70
10,-70
10,-70
10,-70
10,-70
10,-71
11,-71
11,-71
11,-71
11,-71
11,-71
12,-70
12,-70
12,-70
12,-70
12,-70
13,-70
13,-71
13,-71
13,-71
13,-71
14,-71
14,-71
14,-71
14,-71
14,-71
15,-71
15,-71
15,-71
15,-71
15,-71
16,-71
16,-71
16,-71
16,-71
16,-71
17,-71
17,-71
17,-71
17,-71
17,-71
18,-71
18,-71
18,-71
18,-71
18,-71
19,-71
19,-71
19,-70
19,-70
19,-70
20,-70
20,-70
20,-70
20,-71
20,-71
21,-71
21,-71
21,-71
21,-71
21,-70
22,-70
22,-70
22,-70
22,-70
22,-70
23,-70
23,-70
23,-70
23,-70
23,-70
24,-70
24,-70
24,-70
24,-70
24,-70
25,-70
25,-70
25,-71
25,-71
25,-71
26,-71
26,-71
26,-71
26,-72
26,-72
27,-72
27,-72
27,-72
27,-72
27,-71
28,-71
28,-71
28,-71
28,-71
28,-71
29,-70
29,-70
29,-70
29,-70
29,-70
30,-70
30,-71
30,-71
30,-71
30,-71
31,-71
31,-71
31,-70
31,-70
31,-70
32,-70
32,-70
32,-70
32,-70
32,-70
33,-70
33,-70
33,-70
33,-70
33,-70
34,-70
34,-70
34,-70
34,-70
34,-70
35,-70
35,-70
35,-70
35,-70
35,-70
36,-70
36,-70
36,-71
36,-71
36,-71
37,-71
37,-71
37,-71
37,-71
37,-71
38,-71
38,-71
38,-71
38,-71
38,-71
39,-71
39,-71
39,-71
39,-71
39,-71
40,-71
40,-71
40,-71
40,-71
40,-71
41,-71
41,-70
41,-70
41,-70
41,-70
42,-70
42,-70
42,-68
42,-68
42,-68
43,-68
43,-68
43,-68
43,-70
43,-70
44,-70
44,-70
44,-70
44,-70
44,-70
45,-70
45,-70
45,-70
45,-70
45,-70
46,-70
46,-69
46,-69
46,-69
46,-69
47,-69
47,-69
47,-71
47,-71
47,-71
48,-71
48,-71
48,-71
48,-70
48,-70
49,-70
49,-70
49,-70
49,-70
49,-70
50,-70
50,-70
50,-70
50,-70
50,-70
51,-70
51,-70
51,-70
51,-70
51,-70
52,-70
52,-71
52,-71
52,-71
52,-71
53,-71
53,-71
53,-71
53,-71
54,-71
54,-71
54,-71
54,-71
54,-70
55,-70
55,-70
55,-70
55,-70
55,-70
56,-71
56,-71
56,-71
56,-71
56,-71
57,-71
57,-71
57,-71
57,-71
57,-71
58,-71
58,-71
58,-70
58,-70
58,-70
59,-70
59,-70
59,-70
59,-70
59,-70
60,-70
60,-70
60,-70
60,-70
60,-71
61,-71
61,-71
61,-71
61,-71
61,-71
62,-71
62,-71
62,-71
62,-71
62,-71
63,-71
63,-70
63,-70
63,-70
63,-70
64,-70
64,-70
64,-70
64,-71
64,-71
65,-71
65,-71
65,-71
65,-71
65,-70
66,-70
66,-70
66,-70
66,-70
66,-70
67,-71
67,-71
67,-71
67,-71
67,-71
68,-71
68,-70
68,-70
68,-70
68,-70
69,-70
69,-70
69,-71
69,-71
69,-71
70,-71
70,-71
70,-71
70,-71
70,-71
71,-71
71,-71
71,-71
71,-71
71,-71
72,-71
72,-71
72,-71
72,-71
72,-71
73,-71
73,-71
73,-71
73,-71
73,-71
74,-71
74,-71
74,-71
74,-71
74,-71
75,-71
75,-71
75,-71
75,-71
75,-71
76,-71
76,-71
76,-71
76,-70
76,-70
77,-70
77,-70
77,-70
77,-70
77,-70
78,-70
78,-70
78,-70
78,-70
78,-70
79,-71
79,-71
79,-71
79,-71
79,-71
80,-71
80,-71
80,-71
80,-71
80,-71
81,-71
81,-71
81,-71
81,-71
81,-71
82,-71
82,-71
82,-71
82,-71
82,-71
83,-71
83,-71
83,-71
83,-71
83,-71
84,-70
84,-70
84,-70
84,-70
84,-70
85,-70
85,-70
85,-70
85,-70
85,-70
86,-70
86,-70
86,-71
86,-71
86,-71
87,-71
87,-71
87,-71
87,-71
87,-71
88,-71
88,-71
88,-71
88,-71
88,-71
89,-71
89,-71
89,-71
89,-71
89,-71
90,-71
90,-71
90,-71
90,-71
90,-71
91,-71
91,-69
91,-69
91,-69
91,-69
92,-69
92,-69
92,-71
92,-71
92,-71
93,-71
93,-71
93,-71
93,-71
93,-71
94,-71
94,-71
94,-71
94,-71
94,-70
95,-70
95,-70
95,-70
95,-70
95,-70
96,-71
96,-71
96,-71
96,-71
96,-71
97,-71
97,-71
97,-71
97,-71
97,-71
98,-71
98,-71
98,-71
98,-70
98,-70
99,-70
99,-70
99,-70
99,-70
99,-70
100,-70
100,-70
100,-70
100,-70
100,-70
101,-71
101,-71
101,-71
101,-71
101,-71
102,-71
102,-70
102,-70
102,-70
102,-70
103,-70
103,-70
103,-72
103,-72
103,-72
104,-72
104,-72
104,-72
104,-71
104,-71
105,-71
105,-71
105,-71
105,-71
105,-71
106,-71
106,-71
106,-71
106,-71
106,-71
107,-71
107,-71
107,-71
107,-71
107,-71
108,-71
108,-71
108,-71
108,-71
108,-71
109,-71
109,-71
109,-71
109,-71
109,-71
110,-71
110,-71
110,-71
110,-71
110,-71
111,-71
111,-71
111,-71
111,-71
111,-69
112,-69
112,-69
112,-69
112,-69
112,-69
113,-70
113,-70
113,-70
113,-70
113,-70
114,-70
114,-70
114,-71
114,-71
114,-71
115,-71
115,-71
115,-71
115,-70
115,-70
116,-70
116,-70
116,-70
116,-70
116,-68
117,-68
117,-68
117,-68
117,-68
117,-68
118,-71
118,-71
118,-71
118,-71
118,-71
119,-71
119,-71
119,-71
119,-71
119,-71
120,-71
120,-71
120,-71
120,-71
120,-71
121,-71
121,-71
121,-71
121,-71
121,-71
122,-71
122,-71
122,-71
122,-71
122,-71
123,-71
123,-71
123,-71
123,-71
123,-71
124,-70
124,-70
124,-70
124,-70
124,-70
125,-70
125,-70
125,-70
125,-70
125,-70
126,-70
126,-70
126,-70
126,-70
126,-70
127,-70
127,-70
127,-70
127,-70
127,-70
128,-70
128,-70
128,-70
128,-70
128,-71
129,-71
129,-71
129,-71
129,-71
129,-71
130,-71
130,-71
130,-71
130,-71
130,-71
131,-71
131,-71
131,-71
131,-71
131,-71
132,-71
132,-71
132,-71
132,-71
132,-71
133,-71
133,-71
133,-71
133,-71
133,-71
134,-71
134,-71
134,-71
134,-71
134,-71
135,-70
135,-70
135,-70
135,-70
135,-70
136,-70
136,-70
136,-70
136,-70
136,-70
137,-70
137,-70
137,-71
137,-71
137,-71
138,-71
138,-71
138,-71
138,-71
138,-71
139,-71
139,-71
139,-71
139,-71
139,-72
140,-72
140,-72
140,-72
140,-72
140,-72
141,-71
141,-71
141,-71
141,-71
141,-71
142,-71
142,-70
142,-70
142,-70
142,-70
143,-70
143,-70
143,-71
143,-71
143,-71
144,-71
144,-71
144,-71
144,-71
144,-71
145,-71
145,-71
145,-71
145,-71
145,-70
146,-70
146,-70
146,-70
146,-70
146,-70
147,-71
147,-71
147,-71
147,-71
147,-71
148,-71
148,-71
148,-71
148,-71
148,-71
149,-71
149,-71
149,-70
149,-70
150,-70
150,-70
150,-70
150,-70
150,-71
151,-71
151,-71
151,-71
151,-71
151,-71
152,-71
152,-71
152,-71
152,-71
152,-71
153,-71
153,-71
153,-71
153,-71
153,-71
154,-71
154,-71
154,-71
154,-71
154,-71
155,-71
155,-71
155,-71
155,-71
155,-71
156,-71
156,-71
156,-71
156,-71
156,-71
157,-71
157,-71
157,-71
157,-71
157,-71
158,-71
158,-71
158,-71
158,-71
158,-71
159,-71
159,-71
159,-70
159,-70
159,-70
160,-70
160,-70
160,-70
160,-71
160,-71
161,-71
161,-71
161,-71
161,-71
161,-71
162,-71
162,-71
162,-71
162,-71
162,-71
163,-70
163,-70
163,-70
163,-70
163,-70
164,-70
164,-69
164,-69
164,-69
164,-69
165,-69
165,-69
165,-72
165,-72
165,-72
166,-72
166,-72
166,-72
166,-72
166,-72
167,-72
167,-72
167,-72
167,-72
167,-72
168,-72
168,-72
168,-72
168,-72
168,-72
169,-72
169,-70
169,-70
169,-70
169,-70
170,-70
170,-70
170,-71
170,-71
170,-71
171,-71
171,-71
171,-71
171,-70
171,-70
172,-70
172,-70
172,-70
172,-70
172,-71
173,-71
173,-71
173,-71
173,-71
173,-71
174,-71
174,-71
174,-71
174,-71
174,-71
175,-71
175,-71
175,-71
175,-71
175,-71
176,-71
176,-71
176,-71
176,-71
176,-71
177,-71
177,-71
177,-71
177,-71
177,-71
178,-71
178,-71
178,-71
178,-71
178,-71
179,-71
179,-71
179,-71
179,-71
179,-71
180,-71
180,-71
180,-71
180,-71
180,-71
181,-71
181,-71
181,-71
181,-71
181,-71
182,-71
182,-71
182,-70
182,-70
182,-70
183,-70
183,-70
183,-70
183,-71
183,-71
184,-71
184,-71
184,-71
184,-71
184,-71
185,-71
185,-71
185,-71
185,-71
185,-71
186,-70
186,-70
186,-70
186,-70
186,-70
187,-70
187,-70
187,-69
187,-69
187,-69
188,-69
188,-69
188,-69
188,-70
188,-70
189,-70
189,-70
189,-70
189,-70
189,-70
190,-70
190,-70
190,-70
190,-70
190,-70
191,-69
191,-69
191,-69
191,-69
191,-69
192,-69
192,-71
192,-71
192,-71
192,-71
193,-71
193,-71
193,-70
193,-70
193,-70
194,-70
194,-70
194,-70
194,-71
194,-71
195,-71
195,-71
195,-71
195,-71
195,-70
196,-70
196,-70
196,-70
196,-70
196,-70
197,-70
197,-70
197,-70
197,-70
197,-70
198,-70
198,-71
198,-71
198,-71
198,-71
199,-71
199,-71
199,-71
199,-71
199,-71
200,-71
200,-71
200,-71
200,-71
200,-71
201,-71
201,-71
201,-71
201,-71
201,-71
202,-69
202,-69
202,-69
202,-69
202,-69
203,-69
203,-70
203,-70
203,-70
203,-70
204,-70
204,-70
204,-72
204,-72
204,-72
205,-72
205,-72
205,-72
205,-70
205,-70
206,-70
206,-70
206,-70
206,-70
206,-72
207,-72
207,-72
207,-72
207,-72
207,-72
208,-71
208,-71
208,-71
208,-71
208,-71
209,-71
209,-70
209,-70
209,-70
209,-70
210,-70
210,-70
210,-71
210,-71
210,-71
211,-71
211,-71
211,-71
211,-70
211,-70
212,-70
212,-70
212,-70
212,-70
212,-71
213,-71
213,-71
213,-71
213,-71
213,-71
214,-71
214,-70
214,-70
214,-70
214,-70
215,-70
215,-70
215,-70
215,-70
215,-70
216,-70
216,-70
216,-70
216,-70
216,-70
217,-70
217,-70
217,-70
217,-70
217,-69
218,-69
218,-69
218,-69
218,-69
218,-69
219,-68
219,-68
219,-68
219,-68
219,-68
220,-68
220,-71
220,-71
220,-71
220,-71
221,-71
221,-71
221,-70
221,-70
221,-70
222,-70
222,-70
222,-70
222,-71
222,-71
223,-71
223,-71
223,-71
223,-71
223,-70
224,-70
224,-70
224,-70
224,-70
224,-70
225,-71
225,-71
225,-71
225,-71
226,-71
226,-71
226,-71
226,-71
226,-71
227,-71
227,-71
227,-71
227,-71
227,-71
228,-71
228,-71
228,-71
228,-71
228,-71
229,-70
229,-70
229,-70
229,-70
229,-70
230,-70
230,-71
230,-71
230,-71
230,-71
231,-71
231,-71
231,-71
231,-71
231,-71
232,-71
232,-71
232,-71
232,-70
232,-70
233,-70
233,-70
233,-70
233,-70
233,-69
234,-69
234,-69
234,-69
234,-69
234,-69
235,-71
235,-71
235,-71
235,-71
235,-71
236,-71
236,-71
236,-71
236,-71
236,-71
237,-71
237,-71
237,-71
237,-71
237,-71
238,-71
238,-71
238,-71
238,-71
238,-71
239,-71
239,-71
239,-71
239,-71
239,-71
240,-70
240,-70
240,-70
240,-70
240,-70
241,-70
241,-70
241,-70
241,-70
241,-70
242,-70
242,-70
242,-72
242,-72
242,-72
243,-72
243,-72
243,-72
243,-69
243,-69
244,-69
244,-69
244,-69
244,-69
244,-72
245,-72
245,-72
245,-72
245,-72
245,-72
246,-70
246,-70
246,-70
246,-70
246,-70
247,-70
247,-71
247,-71
247,-71
247,-71
248,-71
248,-71
248,-70
248,-70
248,-70
249,-70
249,-70
249,-70
249,-71
249,-71
250,-71
250,-71
250,-71
250,-71
250,-71
251,-71
251,-71
251,-71
251,-71
251,-71
252,-71
252,-71
252,-71
252,-71
252,-71
253,-71
253,-71
253,-72
253,-72
253,-72
254,-72
254,-72
254,-72
254,-70
254,-70
255,-70
255,-70
255,-70
255,-70
255,-71
256,-71
256,-71
256,-71
256,-71
256,-71
257,-72
257,-72
257,-72
257,-72
257,-72
258,-72
258,-72
258,-72
258,-72
258,-72
259,-72
259,-72
259,-71
259,-71
259,-71
260,-71
260,-71
260,-71
260,-71
260,-71
261,-71
261,-71
261,-71
261,-71
261,-72
262,-72
262,-72
262,-72
262,-72
262,-72
263,-72
263,-72
263,-72
263,-72
263,-72
264,-72
264,-70
264,-70
264,-70
264,-70
265,-70
265,-70
265,-71
265,-71
265,-71
266,-71
266,-71
266,-71
266,-72
266,-72
267,-72
267,-72
267,-72
267,-72
267,-71
268,-71
268,-71
268,-71
268,-71
268,-71
269,-70
269,-70
269,-70
269,-70
269,-70
270,-70
270,-69
270,-69
270,-69
270,-69
271,-69
271,-69
271,-69
271,-71
271,-71
272,-71
272,-71
272,-71
272,-71
272,-70
273,-70
273,-70
273,-70
273,-70
273,-70
274,-69
274,-69
274,-69
274,-69
274,-69
275,-69
275,-71
275,-71
275,-71
275,-71
276,-71
276,-71
276,-71
276,-71
276,-71
277,-71
277,-71
277,-71
277,-71
277,-71
278,-71
278,-71
278,-71
278,-71
278,-72
279,-72
279,-72
279,-72
279,-72
279,-72
280,-71
280,-71
280,-71
280,-71
280,-71
281,-71
281,-71
281,-71
281,-71
281,-71
282,-71
282,-71
282,-71
282,-71
282,-71
283,-71
283,-71
283,-71
283,-71
283,-71
284,-71
284,-71
284,-71
284,-71
284,-72
285,-72
285,-72
285,-72
285,-72
285,-72
286,-71
286,-71
286,-71
286,-71
286,-71
287,-71
287,-72
287,-72
287,-72
287,-72
288,-72
288,-72
288,-72
288,-72
288,-72
289,-72
289,-72
289,-72
289,-72
289,-70
290,-70
290,-70
290,-70
290,-70
290,-70
291,-69
291,-69
291,-69
291,-69
291,-69
292,-69
292,-70
292,-70
292,-70
292,-70
293,-70
293,-70
293,-70
293,-70
293,-70
294,-70
294,-70
294,-70
294,-70
294,-70
295,-70
295,-70
295,-70
295,-70
295,-72
296,-72
296,-72
296,-72
296,-72
296,-72
297,-71
297,-71
297,-71
297,-71
297,-71
298,-71
298,-72
298,-72
298,-72
298,-72
299,-72
299,-72
299,-71
299,-71
299,-71
300,-71
300,-71
300,-71
300,-71
300,-71
301,-71
301,-71
301,-71
301,-71
301,-71
302,-71
302,-71
302,-71
302,-71
302,-71
303,-71
303,-71
303,-71
303,-71
303,-71
304,-71
304,-71
304,-70
304,-70
304,-70
305,-70
305,-70
305,-70
305,-71
305,-71
306,-71
306,-71
306,-71
306,-71
306,-71
307,-71
307,-71
307,-71
307,-71
307,-71
308,-71
308,-71
308,-71
308,-71
308,-71
309,-71
309,-70
309,-70
309,-70
309,-70
310,-70
310,-70
310,-71
310,-71
310,-71
311,-71
311,-71
311,-71
311,-71
311,-71
312,-71
312,-71
312,-71
312,-71
312,-71
313,-71
313,-71
313,-71
313,-71
313,-71
314,-71
314,-71
314,-71
314,-71
314,-71
315,-71
315,-72
315,-72
315,-72
315,-72
316,-72
316,-72
316,-71
316,-71
316,-71
317,-71
317,-71
317,-71
317,-72
317,-72
318,-72
318,-72
318,-72
318,-72
318,-72
319,-72
319,-72
319,-72
319,-72
319,-72
320,-70
320,-70
320,-70
320,-70
320,-70
321,-70
321,-70
321,-70
321,-70
321,-70
322,-70
322,-70
322,-70
322,-70
322,-70
323,-70
323,-70
323,-70
323,-70
323,-69
324,-69
324,-69
324,-69
324,-69
324,-69
325,-70
325,-70
325,-70
325,-70
326,-70
326,-70
326,-70
326,-70
326,-70
327,-70
327,-70
327,-70
327,-71
327,-71
328,-71
328,-71
328,-71
328,-71
328,-69
329,-69
329,-69
329,-69
329,-69
329,-69
330,-71
330,-71
330,-71
330,-71
330,-71
331,-71
331,-70
331,-70
331,-70
331,-70
332,-70
332,-70
332,-70
332,-70
332,-70
333,-70
333,-70
333,-70
333,-70
333,-70
334,-70
334,-70
334,-70
334,-70
334,-72
335,-72
335,-72
335,-72
335,-72
335,-72
336,-72
336,-72
336,-72
336,-72
336,-72
337,-72
337,-70
337,-70
337,-70
337,-70
338,-70
338,-70
338,-71
338,-71
338,-71
339,-71
339,-71
339,-71
339,-72
339,-72
340,-72
340,-72
340,-72
340,-72
340,-72
341,-72
341,-72
341,-72
341,-72
341,-72
342,-72
342,-72
342,-72
342,-72
342,-72
343,-72
343,-70
343,-70
343,-70
343,-70
344,-70
344,-70
344,-70
344,-72
344,-72
345,-72
345,-72
345,-72
345,-72
345,-71
346,-71
346,-71
346,-71
346,-71
346,-71
347,-72
347,-72
347,-72
347,-72
347,-72
348,-72
348,-71
348,-71
348,-71
348,-71
349,-71
349,-71
349,-71
349,-71
349,-71
350,-71
350,-71
350,-71
350,-71
350,-71
351,-71
351,-71
351,-71
351,-71
351,-70
352,-70
352,-70
352,-70
352,-70
352,-70
353,-71
353,-71
353,-71
353,-71
353,-71
354,-71
354,-71
354,-71
354,-71
354,-71
355,-71
355,-71
355,-71
355,-71
355,-71
356,-71
356,-71
356,-71
356,-70
356,-70
357,-70
357,-70
357,-70
357,-70
357,-70
358,-70
358,-70
358,-70
358,-70
358,-70
359,-70
359,-71
359,-71
359,-71
359,-71
360,-71
360,-71
360,-72
360,-72
360,-72
361,-72
361,-72
361,-72
361,-70
361,-70
362,-70
362,-70
362,-70
362,-70
362,-70
363,-70
363,-70
363,-70
363,-70
363,-70
364,-71
364,-71
364,-71
364,-71
364,-71
365,-71
365,-69
365,-69
365,-69
365,-69
366,-69
366,-69
366,-70
366,-70
366,-70
367,-70
367,-70
367,-70
367,-69
367,-69
368,-69
368,-69
368,-69
368,-69
368,-71
369,-71
369,-71
369,-71
369,-71
369,-71
370,-70
370,-70
370,-70
370,-70
370,-70
371,-70
371,-71
371,-71
371,-71
371,-71
372,-71
372,-71
372,-72
372,-72
372,-72
373,-72
373,-72
373,-72
373,-71
373,-71
374,-71
374,-71
374,-71
374,-71
374,-71
375,-71
375,-71
375,-71
375,-71
375,-71
376,-71
376,-71
376,-71
376,-71
376,-71
377,-71
377,-71
377,-71
377,-71
377,-71
378,-71
378,-71
378,-71
378,-70
378,-70
379,-70
379,-70
379,-70
379,-70
379,-72
380,-72
380,-72
380,-72
380,-72
380,-72
381,-72
381,-72
381,-72
381,-72
381,-72
382,-72
382,-71
382,-71
382,-71
382,-71
383,-71
383,-71
383,-71
383,-71
383,-71
384,-71
384,-71
384,-71
384,-72
384,-72
385,-72
385,-72
385,-72
385,-72
385,-70
386,-70
386,-70
386,-70
386,-70
386,-70
387,-72
387,-72
387,-72
387,-72
387,-72
388,-72
388,-72
388,-72
388,-72
388,-72
389,-72
389,-72
389,-71
389,-71
390,-71
390,-71
390,-71
390,-71
390,-72
391,-72
391,-72
391,-72
391,-72
391,-72
392,-70
392,-70
392,-70
392,-70
392,-70
393,-70
393,-72
393,-72
393,-72
393,-72
394,-72
394,-72
394,-70
394,-70
394,-70
395,-70
395,-70
395,-70
395,-71
395,-71
396,-71
396,-71
396,-71
396,-71
396,-71
397,-73
397,-73
397,-73
397,-73
397,-73
398,-73
398,-70
398,-70
398,-70
398,-70
399,-70
399,-70
399,-70
399,-70
399,-70
400,-70
400,-70
400,-70
400,-70
400,-70
401,-70
401,-70
401,-70
401,-70
401,-69
402,-69
402,-69
402,-69
402,-69
402,-69
403,-71
403,-71
403,-71
403,-71
403,-71
404,-71
404,-72
404,-72
404,-72
404,-72
405,-72
405,-72
405,-70
405,-70
405,-70
406,-70
406,-70
406,-70
406,-71
406,-71
407,-71
407,-71
407,-71
407,-71
407,-71
408,-71
408,-71
408,-71
408,-71
408,-71
409,-70
409,-70
409,-70
409,-70
409,-70
410,-70
410,-70
410,-70
410,-70
410,-70
411,-70
411,-70
411,-71
411,-71
411,-71
412,-71
412,-71
412,-71
412,-70
412,-70
413,-70
413,-70
413,-70
413,-70
413,-70
414,-69
414,-69
414,-69
414,-69
414,-69
415,-69
415,-71
415,-71
415,-71
415,-71
416,-71
416,-71
416,-71
416,-71
416,-71
417,-71
417,-71
417,-71
417,-72
417,-72
418,-72
418,-72
418,-72
418,-72
418,-70
419,-70
419,-70
419,-70
419,-70
419,-70
420,-70
420,-70
420,-70
420,-70
420,-70
421,-70
421,-71
421,-71
421,-71
421,-71
422,-71
422,-71
422,-70
422,-70
422,-70
423,-70
423,-70
423,-70
423,-70
423,-70
424,-70
424,-70
424,-70
424,-70
424,-71
425,-71
425,-71
425,-71
425,-71
425,-71
426,-70
426,-70
426,-70
426,-70
426,-70
427,-70
427,-71
427,-71
427,-71
427,-71
428,-71
428,-71
428,-71
428,-71
428,-71
429,-71
429,-71
429,-71
429,-71
429,-71
430,-71
430,-71
430,-71
430,-71
430,-71
431,-70
431,-70
431,-70
431,-70
431,-70
432,-70
432,-71
432,-71
432,-71
432,-71
433,-71
433,-71
433,-71
433,-71
433,-71
434,-71
434,-71
434,-71
434,-71
434,-71
435,-71
435,-71
435,-71
435,-71
435,-70
436,-70
436,-70
436,-70
436,-70
436,-70
437,-70
437,-70
437,-70
437,-70
437,-70
438,-70
438,-71
438,-71
438,-71
438,-71
439,-71
439,-71
439,-71
439,-70
439,-70
440,-70
440,-70
440,-70
440,-70
440,-70
441,-70
441,-70
441,-70
441,-70
441,-70
442,-69
442,-69
442,-69
442,-69
442,-69
443,-69
443,-71
443,-71
443,-71
443,-71
444,-71
444,-71
444,-71
444,-71
444,-71
445,-71
445,-71
445,-71
445,-70
445,-70
446,-70
446,-70
446,-70
446,-70
446,-71
447,-71
447,-71
447,-71
447,-71
447,-71
448,-71
448,-71
448,-71
448,-71
448,-71
449,-71
449,-71
449,-71
449,-71
449,-71
450,-71
450,-71
450,-71
450,-71
450,-71
451,-71
451,-71
451,-71
451,-71
451,-70
452,-70
452,-70
452,-70
452,-70
452,-70
453,-71
453,-71
453,-71
453,-71
453,-71
454,-71
454,-71
454,-71
454,-71
454,-71
455,-71
455,-71
455,-69
455,-69
455,-69
456,-69
456,-69
456,-69
456,-70
456,-70
457,-70
457,-70
457,-70
457,-70
457,-71
458,-71
458,-71
458,-71
458,-71
458,-71
459,-71
459,-71
459,-71
459,-71
459,-71
460,-71
460,-70
460,-70
460,-70
460,-70
461,-70
461,-70
461,-71
461,-71
461,-71
462,-71
462,-71
462,-71
462,-71
462,-71
463,-71
463,-71
463,-71
463,-71
463,-71
464,-71
464,-71
464,-71
464,-71
464,-71
465,-71
465,-71
465,-71
465,-71
465,-71
466,-71
466,-71
466,-71
466,-71
466,-71
467,-71
467,-71
467,-71
467,-70
467,-70
468,-70
468,-70
468,-70
468,-70
468,-69
469,-69
469,-69
469,-69
469,-69
469,-69
470,-70
470,-70
470,-70
470,-70
470,-70
471,-70
471,-70
471,-70
471,-70
471,-70
472,-70
472,-70
472,-71
472,-71
472,-71
473,-71
473,-71
473,-71
473,-71
473,-71
474,-71
474,-71
474,-71
474,-71
474,-71
475,-71
475,-71
475,-71
475,-71
475,-71
476,-71
476,-71
476,-71
476,-71
476,-71
477,-71
477,-71
477,-71
477,-71
477,-71
478,-71
478,-71
478,-71
478,-71
478,-71
479,-71
479,-71
479,-71
479,-71
479,-70
480,-70
480,-70
480,-70
480,-70
480,-70
481,-71
481,-71
481,-71
481,-71
481,-71
482,-71
482,-71
482,-71
482,-71
482,-71
483,-71
483,-71
483,-70
483,-70
483,-70
484,-70
484,-70
484,-70
484,-70
484,-70
485,-70
485,-70
485,-70
485,-70
485,-71
486,-71
486,-71
486,-71
486,-71
486,-71
487,-71
487,-71
487,-71
487,-71
487,-71
488,-71
488,-71
488,-71
488,-71
488,-71
489,-71
489,-71
489,-71
489,-71
489,-71
490,-71
490,-71
490,-71
490,-70
490,-70
491,-70
491,-70
491,-70
491,-70
491,-71
492,-71
492,-71
492,-71
492,-71
492,-71
493,-70
493,-70
493,-70
493,-70
493,-70
494,-70
494,-70
494,-70
494,-70
494,-70
495,-70
495,-70
495,-71
495,-71
495,-71
496,-71
496,-71
496,-71
496,-71
496,-71
497,-71
497,-71
497,-71
497,-71
497,-71
498,-71
498,-71
498,-71
498,-71
498,-71
499,-71
499,-71
499,-71
499,-71
499,-71
500,-71
500,-71
500,-71
500,-71
500,-71
501,-71
501,-71
501,-71
501,-70
501,-70
502,-70
502,-70
502,-70
502,-70
503,-70
503,-70
503,-70
503,-70
503,-70
504,-70
504,-71
504,-71
504,-71
504,-71
505,-71
505,-71
505,-70
505,-70
505,-70
506,-70
506,-70
506,-70
506,-71
506,-71
507,-71
507,-71
507,-71
507,-71
507,-70
508,-70
508,-70
508,-70
508,-70
508,-70
509,-71
509,-71
509,-71
509,-71
509,-71
510,-71
510,-71
510,-71
510,-71
510,-71
511,-71
511,-71
511,-71
511,-71
511,-71
512,-71
512,-71
512,-71
512,-71
512,-71
513,-71
513,-71
513,-71
513,-71
513,-71
514,-71
514,-71
514,-71
514,-71
514,-71
515,-71
515,-70
515,-70
515,-70
515,-70
516,-70
516,-70
516,-69
516,-69
516,-69
517,-69
517,-69
517,-69
517,-71
517,-71
518,-71
518,-71
518,-71
518,-71
518,-69
519,-69
519,-69
519,-69
519,-69
519,-69
520,-71
520,-71
520,-71
520,-71
520,-71
521,-71
521,-71
521,-71
521,-71
521,-71
522,-71
522,-71
522,-71
522,-71
522,-71
523,-71
523,-71
523,-71
523,-70
523,-70
524,-70
524,-70
524,-70
524,-70
524,-70
525,-70
525,-70
525,-70
525,-70
525,-70
526,-70
526,-70
526,-70
526,-70
526,-70
527,-70
527,-71
527,-71
527,-71
527,-71
528,-71
528,-71
528,-70
528,-70
528,-70
529,-70
529,-70
529,-70
529,-71
529,-71
530,-71
530,-71
530,-71
530,-71
530,-71
531,-71
531,-71
531,-71
531,-71
531,-71
532,-71
532,-70
532,-70
532,-70
532,-70
533,-70
533,-70
533,-70
533,-70
533,-70
534,-70
534,-70
534,-70
534,-71
534,-71
535,-71
535,-71
535,-71
535,-71
535,-70
536,-70
536,-70
536,-70
536,-70
536,-70
537,-71
537,-71
537,-71
537,-71
537,-71
538,-71
538,-71
538,-71
538,-71
538,-71
539,-71
539,-71
539,-71
539,-71
539,-71
540,-71
540,-71
540,-71
540,-71
540,-71
541,-71
541,-71
541,-71
541,-71
541,-70
542,-70
542,-70
542,-70
542,-70
542,-70
543,-70
543,-70
543,-70
543,-70
543,-70
544,-70
544,-71
544,-71
544,-71
544,-71
545,-71
545,-71
545,-71
545,-70
545,-70
546,-70
546,-70
546,-70
546,-70
546,-70
547,-70
547,-70
547,-70
547,-70
547,-70
548,-71
548,-71
548,-71
548,-71
548,-71
549,-71
549,-71
549,-71
549,-71
549,-71
550,-71
550,-71
550,-71
550,-71
550,-71
551,-71
551,-71
551,-71
551,-70
551,-70
552,-70
552,-70
552,-70
552,-70
552,-69
553,-69
553,-69
553,-69
553,-69
553,-69
554,-71
554,-71
554,-71
554,-71
554,-71
555,-71
555,-71
555,-71
555,-71
555,-71
556,-71
556,-71
556,-70
556,-70
556,-70
557,-70
557,-70
557,-70
557,-71
557,-71
558,-71
558,-71
558,-71
558,-71
558,-71
559,-70
559,-70
559,-70
559,-70
559,-70
560,-70
560,-71
560,-71
560,-71
560,-71
561,-71
561,-71
561,-70
561,-70
561,-70
562,-70
562,-70
562,-70
562,-71
562,-71
563,-71
563,-71
563,-71
563,-71
563,-70
564,-70
564,-70
564,-70
564,-70
564,-70
565,-70
565,-70
565,-70
565,-70
565,-70
566,-70
566,-70
566,-70
566,-70
566,-70
567,-70
567,-70
567,-70
567,-70
567,-70
568,-70
568,-70
568,-70
568,-71
568,-71
569,-71
569,-71
569,-71
569,-71
569,-70
570,-70
570,-70
570,-70
570,-70
570,-70
571,-71
571,-71
571,-71
571,-71
571,-71
572,-71
572,-71
572,-71
572,-71
572,-71
573,-71
573,-71
573,-71
573,-71
573,-71
574,-71
574,-71
574,-71
574,-71
574,-71
575,-71
575,-71
575,-71
575,-71
575,-71
576,-71
576,-71
576,-71
576,-71
576,-71
577,-71
577,-71
577,-71
577,-71
577,-71
578,-71
578,-71
578,-71
578,-71
578,-71
579,-71
579,-71
579,-71
579,-69
579,-69
580,-69
580,-69
580,-69
580,-69
580,-71
581,-71
581,-71
581,-71
581,-71
581,-71
582,-70
582,-70
582,-70
582,-70
582,-70
583,-70
583,-71
583,-71
583,-71
583,-71
584,-71
584,-71
584,-71
584,-71
584,-71
585,-71
585,-71
585,-71
585,-70
585,-70
586,-70
586,-70
586,-70
586,-70
586,-70
587,-71
587,-71
587,-71
587,-71
587,-71
588,-71
588,-70
588,-70
588,-70
588,-70
589,-70
589,-70
589,-71
589,-71
589,-71
590,-71
590,-71
590,-71
590,-71
590,-71
591,-71
591,-71
591,-71
591,-71
591,-70
592,-70
592,-70
592,-70
592,-70
592,-70
593,-70
593,-70
593,-70
593,-70
593,-70
594,-70
594,-70
594,-70
594,-70
594,-70
595,-70
595,-70
595,-71
595,-71
595,-71
596,-71
596,-71
596,-71
596,-70
596,-70
597,-70
597,-70
597,-70
597,-70
597,-71
598,-71
598,-71
598,-71
598,-71
598,-71
599,-71
599,-71
599,-71
599,-71
599,-71
600,-71
600,-71
600,-71
600,-71
600,-71
601,-71
601,-71
601,-71
601,-71
601,-71
602,-71
602,-71
602,-71
602,-71
602,-70
603,-70
603,-70
603,-70
603,-70
603,-70
604,-70
604,-70
604,-70
604,-70
604,-70
605,-70
605,-71
605,-71
605,-71
605,-71
606,-71
606,-71
606,-70
606,-70
606,-70
607,-70
607,-70
607,-70
607,-70
607,-70
608,-70
608,-70
608,-70
608,-70
608,-71
609,-71
609,-71
609,-71
609,-71
609,-71
610,-70
610,-70
610,-70
610,-70
610,-70
611,-70
611,-70
611,-70
611,-70
611,-70
612,-70
612,-70
612,-71
612,-71
612,-71
613,-71
613,-71
613,-71
613,-70
613,-70
614,-70
614,-70
614,-70
614,-70
614,-71
615,-71
615,-71
615,-71
615,-71
615,-71
616,-71
616,-71
616,-71
616,-71
617,-71
617,-71
617,-71
617,-69
617,-69
618,-69
618,-69
618,-69
618,-69
618,-71
619,-71
619,-71
619,-71
619,-71
619,-71
620,-71
620,-71
620,-71
620,-71
620,-71
621,-71
621,-71
621,-71
621,-71
621,-71
622,-71
622,-71
622,-70
622,-70
622,-70
623,-70
623,-70
623,-70
623,-71
623,-71
624,-71
624,-71
624,-71
624,-71
624,-71
625,-71
625,-71
625,-71
625,-71
625,-71
626,-71
626,-71
626,-71
626,-71
626,-71
627,-71
627,-70
627,-70
627,-70
627,-70
628,-70
628,-70
628,-70
628,-70
628,-70
629,-70
629,-70
629,-70
629,-71
629,-71
630,-71
630,-71
630,-71
630,-71
630,-70
631,-70
631,-70
631,-70
631,-70
631,-70
632,-71
632,-71
632,-71
632,-71
632,-71
633,-71
633,-71
633,-70
633,-70
633,-70
634,-70
634,-70
634,-70
634,-70
634,-70
635,-70
635,-70
635,-70
635,-70
635,-70
636,-70
636,-70
636,-70
636,-70
636,-70
637,-71
637,-71
637,-71
637,-71
637,-71
638,-71
638,-71
638,-71
638,-71
638,-71
639,-71
639,-71
639,-71
639,-71
639,-71
640,-71
640,-71
640,-71
640,-71
640,-71
641,-71
641,-71
641,-71
641,-71
641,-70
642,-70
642,-70
642,-70
642,-70
642,-70
643,-71
643,-71
643,-71
643,-71
643,-71
644,-71
644,-71
644,-71
644,-71
644,-71
645,-71
645,-71
645,-70
645,-70
645,-70
646,-70
646,-70
646,-70
646,-71
646,-71
647,-71
647,-71
647,-71
647,-71
647,-71
648,-71
648,-71
648,-71
648,-71
648,-71
649,-71
649,-71
649,-71
649,-71
649,-71
650,-71
650,-71
650,-71
650,-71
650,-71
651,-71
651,-71
651,-71
651,-70
651,-70
652,-70
652,-70
652,-70
652,-70
652,-71
653,-71
653,-71
653,-71
653,-71
653,-71
654,-71
654,-71
654,-71
654,-71
654,-71
655,-71
655,-70
655,-70
655,-70
655,-70
656,-70
656,-70
656,-70
656,-70
656,-70
657,-70
657,-70
657,-70
657,-71
657,-71
658,-71
658,-71
658,-71
658,-71
658,-70
659,-70
659,-70
659,-70
659,-70
659,-70
660,-72
660,-72
660,-72
660,-72
660,-72
661,-72
661,-71
661,-71
661,-71
661,-71
662,-71
662,-71
662,-71
662,-71
662,-71
663,-71
663,-71
663,-71
663,-71
663,-71
664,-71
664,-71
664,-71
664,-71
664,-71
665,-71
665,-71
665,-71
665,-71
665,-71
666,-71
666,-71
666,-71
666,-71
666,-71
667,-71
667,-71
667,-71
667,-71
667,-71
668,-71
668,-71
668,-71
668,-71
668,-71
669,-71
669,-71
669,-71
669,-71
669,-70
670,-70
670,-70
670,-70
670,-70
670,-70
671,-70
671,-70
671,-70
671,-70
671,-70
672,-70
672,-70
672,-70
672,-70
672,-70
673,-70
673,-70
673,-71
673,-71
673,-71
674,-71
674,-71
674,-71
674,-71
674,-71
675,-71
675,-71
675,-71
675,-71
675,-71
676,-71
676,-71
676,-71
676,-71
676,-71
677,-71
677,-71
677,-71
677,-71
677,-71
678,-71
678,-70
678,-70
678,-70
678,-70
679,-70
679,-70
679,-70
679,-70
679,-70
680,-70
680,-70
680,-70
680,-70
680,-70
681,-70
681,-70
681,-70
681,-70
681,-71
682,-71
682,-71
682,-71
682,-71
682,-71
683,-71
683,-71
683,-71
683,-71
683,-71
684,-71
684,-71
684,-71
684,-71
684,-71
685,-71
685,-71
685,-71
685,-71
685,-71
686,-71
686,-71
686,-71
686,-71
686,-71
687,-71
687,-71
687,-71
687,-71
687,-71
688,-71
688,-71
688,-71
688,-71
688,-71
689,-71
689,-71
689,-71
689,-71
689,-71
690,-71
690,-71
690,-71
690,-71
690,-71
691,-71
691,-71
691,-71
691,-71
691,-71
692,-71
692,-71
692,-71
692,-71
692,-71
693,-71
693,-71
693,-71
693,-71
693,-71
694,-70
694,-70
694,-70
694,-70
694,-70
695,-70
695,-71
695,-71
695,-71
695,-71
696,-71
696,-71
696,-68
696,-68
696,-68
697,-68
697,-68
697,-68
697,-70
697,-70
698,-70
698,-70
698,-70
698,-70
698,-70
699,-70
699,-70
699,-70
699,-70
699,-70
700,-71
700,-71
700,-71
700,-71
700,-71
701,-71
701,-71
701,-71
701,-71
701,-71
702,-71
702,-71
702,-71
702,-71
703,-71
703,-71
703,-71
703,-71
703,-71
704,-71
704,-71
704,-71
704,-71
704,-71
705,-71
705,-70
705,-70
705,-70
705,-70
706,-70
706,-70
706,-70
706,-70
706,-70
707,-70
707,-70
707,-70
707,-71
707,-71
708,-71
708,-71
708,-71
708,-71
708,-70
709,-70
709,-70
709,-70
709,-70
709,-70
710,-70
710,-70
710,-70
710,-70
710,-70
711,-70
711,-71
711,-71
711,-71
711,-71
712,-71
712,-71
712,-71
712,-71
712,-71
713,-71
713,-71
713,-71
713,-71
713,-71
714,-71
714,-71
714,-71
714,-71
714,-71
715,-71
715,-71
715,-71
715,-71
715,-71
716,-71
716,-70
716,-70
716,-70
716,-70
717,-70
717,-70
717,-68
717,-68
717,-68
718,-68
718,-68
718,-68
718,-71
718,-71
719,-71
719,-71
719,-71
719,-71
719,-71
720,-71
720,-71
720,-71
720,-71
720,-71
721,-69
721,-69
721,-69
721,-69
721,-69
722,-69
722,-70
722,-70
722,-70
722,-70
723,-70
723,-70
723,-70
723,-70
723,-70
724,-70
724,-70
724,-70
