x,y
0,-74
0,-74
0,-74
1,-74
1,-74
1,-74
1,-74
1,-74
2,-74
2,-75
2,-75
2,-75
2,-75
3,-75
3,-75
3,-74
3,-74
3,-74
4,-74
4,-74
4,-74
4,-74
4,-76
5,-76
5,-76
5,-76
5,-76
5,-76
6,-77
6,-77
6,-77
6,-77
6,-77
7,-77
7,-76
7,-76
7,-76
7,-76
8,-76
8,-76
8,-74
8,-74
8,-74
9,-74
9,-74
9,-74
9,-76
9,-76
10,-76
10,-76
10,-76
10,-76
10,-74
11,-74
11,-74
11,-74
11,-74
11,-74
12,-74
12,-74
12,-74
12,-74
12,-74
13,-74
13,-74
13,-74
13,-74
13,-74
14,-74
14,-74
14,-78
14,-78
14,-78
15,-78
15,-78
15,-78
15,-76
15,-76
16,-76
16,-76
16,-76
16,-76
16,-76
17,-76
17,-76
17,-76
17,-76
17,-76
18,-76
18,-77
18,-77
18,-77
18,-77
19,-77
19,-77
19,-77
19,-77
19,-77
20,-77
20,-77
20,-77
20,-76
20,-76
21,-76
21,-76
21,-76
21,-76
21,-75
22,-75
22,-75
22,-75
22,-75
22,-75
23,-77
23,-77
23,-77
23,-77
23,-77
24,-77
24,-76
24,-76
24,-76
24,-76
25,-76
25,-76
25,-76
25,-76
25,-76
26,-76
26,-76
26,-76
26,-77
26,-77
27,-77
27,-77
27,-77
27,-77
27,-74
28,-74
28,-74
28,-74
28,-74
28,-74
29,-77
29,-77
29,-77
29,-77
29,-77
30,-77
30,-76
30,-76
30,-76
30,-76
31,-76
31,-76
31,-77
31,-77
31,-77
32,-77
32,-77
32,-77
32,-77
32,-77
33,-77
33,-77
33,-77
33,-77
33,-77
34,-74
34,-74
34,-74
34,-74
34,-74
35,-74
35,-77
35,-77
35,-77
35,-77
36,-77
36,-77
36,-80
36,-80
36,-80
37,-80
37,-80
37,-80
37,-74
37,-74
38,-74
38,-74
38,-74
38,-74
38,-74
39,-74
39,-74
39,-74
39,-74
39,-74
40,-78
40,-78
40,-78
40,-78
40,-78
41,-78
41,-78
41,-78
41,-78
41,-78
42,-78
42,-78
42,-72
42,-72
42,-72
43,-72
43,-72
43,-72
43,-76
43,-76
44,-76
44,-76
44,-76
44,-76
44,-74
45,-74
45,-74
45,-74
45,-74
45,-74
46,-74
46,-74
46,-74
46,-74
46,-74
47,-74
47,-74
47,-73
47,-73
47,-73
48,-73
48,-73
48,-73
48,-78
48,-78
49,-78
49,-78
49,-78
49,-78
49,-73
50,-73
50,-73
50,-73
50,-73
50,-73
51,-73
51,-73
51,-73
51,-73
51,-73
52,-73
52,-76
52,-76
52,-76
52,-76
53,-76
53,-76
53,-77
53,-77
54,-77
54,-77
54,-77
54,-77
54,-77
55,-77
55,-77
55,-77
55,-77
55,-77
56,-74
56,-74
56,-74
56,-74
56,-74
57,-74
57,-78
57,-78
57,-78
57,-78
58,-78
58,-78
58,-77
58,-77
58,-77
59,-77
59,-77
59,-77
59,-77
59,-77
60,-77
60,-77
60,-77
60,-77
60,-77
61,-77
61,-77
61,-77
61,-77
61,-77
62,-73
62,-73
62,-73
62,-73
62,-73
63,-73
63,-76
63,-76
63,-76
63,-76
64,-76
64,-76
64,-76
64,-77
64,-77
65,-77
65,-77
65,-77
65,-77
65,-73
66,-73
66,-73
66,-73
66,-73
66,-73
67,-77
67,-77
67,-77
67,-77
67,-77
68,-77
68,-74
68,-74
68,-74
68,-74
69,-74
69,-74
69,-77
69,-77
69,-77
70,-77
70,-77
70,-77
70,-77
70,-77
71,-77
71,-77
71,-77
71,-77
71,-77
72,-77
72,-77
72,-77
72,-77
72,-77
73,-77
73,-77
73,-77
73,-77
73,-77
74,-77
74,-74
74,-74
74,-74
74,-74
75,-74
75,-74
75,-77
75,-77
75,-77
76,-77
76,-77
76,-77
76,-74
76,-74
77,-74
77,-74
77,-74
77,-74
77,-77
78,-77
78,-77
78,-77
78,-77
78,-77
79,-78
79,-78
79,-78
79,-78
79,-78
80,-78
80,-78
80,-74
80,-74
80,-74
81,-74
81,-74
81,-74
81,-73
81,-73
82,-73
82,-73
82,-73
82,-73
82,-77
83,-77
83,-77
83,-77
83,-77
83,-77
84,-74
84,-74
84,-74
84,-74
84,-74
85,-74
85,-73
85,-73
85,-73
85,-73
86,-73
86,-73
86,-78
86,-78
86,-78
87,-78
87,-78
87,-78
87,-73
87,-73
88,-73
88,-73
88,-73
88,-73
88,-76
89,-76
89,-76
89,-76
89,-76
89,-76
90,-74
90,-74
90,-74
90,-74
90,-74
91,-74
91,-76
91,-76
91,-76
91,-76
92,-76
92,-76
92,-76
92,-76
92,-76
93,-76
93,-76
93,-76
93,-74
93,-74
94,-74
94,-74
94,-74
94,-74
94,-74
95,-74
95,-74
95,-74
95,-74
95,-74
96,-74
96,-74
96,-74
96,-74
96,-74
97,-74
97,-74
97,-74
97,-74
97,-74
98,-74
98,-74
98,-74
98,-77
98,-77
99,-77
99,-77
99,-77
99,-77
99,-77
100,-77
100,-77
100,-77
100,-77
100,-77
101,-77
101,-77
101,-77
101,-77
101,-77
102,-77
102,-77
102,-77
102,-77
102,-77
103,-77
103,-77
103,-78
103,-78
103,-78
104,-78
104,-78
104,-78
104,-77
104,-77
105,-77
105,-77
105,-77
105,-77
105,-77
106,-77
106,-77
106,-77
106,-77
106,-77
107,-77
107,-77
107,-77
107,-77
107,-77
108,-77
108,-77
108,-77
108,-77
108,-77
109,-77
109,-77
109,-77
109,-77
109,-77
110,-77
110,-77
110,-77
110,-74
110,-74
111,-74
111,-74
111,-74
111,-74
111,-77
112,-77
112,-77
112,-77
112,-77
112,-77
113,-77
113,-77
113,-77
113,-77
113,-77
114,-77
114,-77
114,-76
114,-76
114,-76
115,-76
115,-76
115,-76
115,-76
115,-76
116,-76
116,-76
116,-76
116,-76
116,-76
117,-76
117,-76
117,-76
117,-76
117,-76
118,-77
118,-77
118,-77
118,-77
118,-77
119,-77
119,-77
119,-77
119,-77
119,-77
120,-77
120,-77
120,-76
120,-76
120,-76
121,-76
121,-76
121,-76
121,-76
121,-76
122,-76
122,-76
122,-76
122,-76
122,-74
123,-74
123,-74
123,-74
123,-74
123,-74
124,-77
124,-77
124,-77
124,-77
124,-77
125,-77
125,-76
125,-76
125,-76
125,-76
126,-76
126,-76
126,-77
126,-77
126,-77
127,-77
127,-77
127,-77
127,-78
127,-78
128,-78
128,-78
128,-78
128,-78
128,-77
129,-77
129,-77
129,-77
129,-77
129,-77
130,-73
130,-73
130,-73
130,-73
130,-73
131,-73
131,-77
131,-77
131,-77
131,-77
132,-77
132,-77
132,-77
132,-77
132,-77
133,-77
133,-77
133,-77
133,-77
133,-78
134,-78
134,-78
134,-78
134,-78
134,-78
135,-77
135,-77
135,-77
135,-77
135,-77
136,-77
136,-73
136,-73
136,-73
136,-73
137,-73
137,-73
137,-77
137,-77
137,-77
138,-77
138,-77
138,-77
138,-76
138,-76
139,-76
139,-76
139,-76
139,-76
139,-78
140,-78
140,-78
140,-78
140,-78
140,-78
141,-77
141,-77
141,-77
141,-77
141,-77
142,-77
142,-77
142,-77
142,-77
142,-77
143,-77
143,-77
143,-78
143,-78
143,-78
144,-78
144,-78
144,-78
144,-74
144,-74
145,-74
145,-74
145,-74
145,-74
145,-77
146,-77
146,-77
146,-77
146,-77
146,-77
147,-77
147,-77
147,-77
147,-77
147,-77
148,-77
148,-77
148,-77
148,-77
148,-77
149,-77
149,-77
149,-77
149,-77
150,-77
150,-77
150,-77
150,-77
150,-74
151,-74
151,-74
151,-74
151,-74
151,-74
152,-74
152,-77
152,-77
152,-77
152,-77
153,-77
153,-77
153,-74
153,-74
153,-74
154,-74
154,-74
154,-74
154,-77
154,-77
155,-77
155,-77
155,-77
155,-77
155,-78
156,-78
156,-78
156,-78
156,-78
156,-78
157,-74
157,-74
157,-74
157,-74
157,-74
158,-74
158,-74
158,-74
158,-74
158,-74
159,-74
159,-74
159,-74
159,-74
159,-74
160,-74
160,-74
160,-74
160,-74
160,-74
161,-74
161,-74
161,-74
161,-74
161,-77
162,-77
162,-77
162,-77
162,-77
162,-77
163,-77
163,-77
163,-77
163,-77
163,-77
164,-77
164,-74
164,-74
164,-74
164,-74
165,-74
165,-74
165,-77
165,-77
165,-77
166,-77
166,-77
166,-77
166,-77
166,-77
167,-77
167,-77
167,-77
167,-77
167,-73
168,-73
168,-73
168,-73
168,-73
168,-73
169,-73
169,-73
169,-73
169,-73
169,-73
170,-73
170,-73
170,-76
170,-76
170,-76
171,-76
171,-76
171,-76
171,-77
171,-77
172,-77
172,-77
172,-77
172,-77
172,-77
173,-77
173,-77
173,-77
173,-77
173,-77
174,-77
174,-77
174,-77
174,-77
174,-77
175,-77
175,-74
175,-74
175,-74
175,-74
176,-74
176,-74
176,-74
176,-74
176,-74
177,-74
177,-74
177,-74
177,-74
177,-74
178,-74
178,-74
178,-74
178,-74
178,-77
179,-77
179,-77
179,-77
179,-77
179,-77
180,-74
180,-74
180,-74
180,-74
180,-74
181,-74
181,-74
181,-74
181,-74
181,-74
182,-74
182,-74
182,-77
182,-77
182,-77
183,-77
183,-77
183,-77
183,-74
183,-74
184,-74
184,-74
184,-74
184,-74
184,-77
185,-77
185,-77
185,-77
185,-77
185,-77
186,-74
186,-74
186,-74
186,-74
186,-74
187,-74
187,-74
187,-77
187,-77
187,-77
188,-77
188,-77
188,-77
188,-74
188,-74
189,-74
189,-74
189,-74
189,-74
189,-76
190,-76
190,-76
190,-76
190,-76
190,-76
191,-78
191,-78
191,-78
191,-78
191,-78
192,-78
192,-77
192,-77
192,-77
192,-77
193,-77
193,-77
193,-77
193,-77
193,-77
194,-77
194,-77
194,-77
194,-77
194,-77
195,-77
195,-77
195,-77
195,-77
195,-76
196,-76
196,-76
196,-76
196,-76
196,-76
197,-77
197,-77
197,-77
197,-77
197,-77
198,-77
198,-77
198,-77
198,-77
198,-77
199,-77
199,-77
199,-77
199,-77
199,-77
200,-77
200,-77
200,-77
200,-77
200,-77
201,-77
201,-77
201,-77
201,-77
201,-77
202,-74
202,-74
202,-74
202,-74
202,-74
203,-74
203,-73
203,-73
203,-73
203,-73
204,-73
204,-73
204,-77
204,-77
204,-77
205,-77
205,-77
205,-77
205,-77
205,-77
206,-77
206,-77
206,-77
206,-77
206,-77
207,-77
207,-77
207,-77
207,-77
207,-77
208,-74
208,-74
208,-74
208,-74
208,-74
209,-74
209,-77
209,-77
209,-77
209,-77
210,-77
210,-77
210,-77
210,-77
210,-77
211,-77
211,-77
211,-77
211,-74
211,-74
212,-74
212,-74
212,-74
212,-74
212,-77
213,-77
213,-77
213,-77
213,-77
213,-77
214,-77
214,-74
214,-74
214,-74
214,-74
215,-74
215,-74
215,-76
215,-76
215,-76
216,-76
216,-76
216,-76
216,-76
216,-76
217,-76
217,-76
217,-76
217,-76
217,-76
218,-76
218,-76
218,-76
218,-76
218,-76
219,-76
219,-76
219,-76
219,-76
219,-76
220,-76
220,-77
220,-77
220,-77
220,-77
221,-77
221,-77
221,-76
221,-76
221,-76
222,-76
222,-76
222,-76
222,-74
222,-74
223,-74
223,-74
223,-74
223,-74
223,-77
224,-77
224,-77
224,-77
224,-77
224,-77
225,-74
225,-74
225,-74
225,-74
226,-74
226,-74
226,-74
226,-77
226,-77
227,-77
227,-77
227,-77
227,-77
227,-77
228,-77
228,-77
228,-77
228,-77
228,-77
229,-74
229,-74
229,-74
229,-74
229,-74
230,-74
230,-77
230,-77
230,-77
230,-77
231,-77
231,-77
231,-74
231,-74
231,-74
232,-74
232,-74
232,-74
232,-77
232,-77
233,-77
233,-77
233,-77
233,-77
233,-74
234,-74
234,-74
234,-74
234,-74
234,-74
235,-78
235,-78
235,-78
235,-78
235,-78
236,-78
236,-77
236,-77
236,-77
236,-77
237,-77
237,-77
237,-72
237,-72
237,-72
238,-72
238,-72
238,-72
238,-72
238,-77
239,-77
239,-77
239,-77
239,-77
239,-77
240,-77
240,-77
240,-77
240,-77
240,-77
241,-77
241,-77
241,-77
241,-77
241,-77
242,-77
242,-77
242,-76
242,-76
242,-76
243,-76
243,-76
243,-76
243,-74
243,-74
244,-74
244,-74
244,-74
244,-74
244,-77
245,-77
245,-77
245,-77
245,-77
245,-77
246,-74
246,-74
246,-74
246,-74
246,-74
247,-74
247,-74
247,-74
247,-74
247,-74
248,-74
248,-74
248,-77
248,-77
248,-77
249,-77
249,-77
249,-77
249,-74
249,-74
250,-74
250,-74
250,-74
250,-74
250,-77
251,-77
251,-77
251,-77
251,-77
251,-77
252,-77
252,-77
252,-77
252,-77
252,-77
253,-77
253,-77
253,-77
253,-77
253,-77
254,-77
254,-77
254,-77
254,-78
254,-78
255,-78
255,-78
255,-78
255,-78
255,-74
256,-74
256,-74
256,-74
256,-74
256,-74
257,-78
257,-78
257,-78
257,-78
257,-78
258,-78
258,-77
258,-77
258,-77
258,-77
259,-77
259,-77
259,-77
259,-77
259,-77
260,-77
260,-77
260,-77
260,-77
260,-77
261,-77
261,-77
261,-77
261,-77
261,-77
262,-77
262,-77
262,-77
262,-77
262,-77
263,-78
263,-78
263,-78
263,-78
263,-78
264,-78
264,-76
264,-76
264,-76
264,-76
265,-76
265,-76
265,-75
265,-75
265,-75
266,-75
266,-75
266,-75
266,-78
266,-78
267,-78
267,-78
267,-78
267,-78
267,-76
268,-76
268,-76
268,-76
268,-76
268,-76
269,-77
269,-77
269,-77
269,-77
269,-77
270,-77
270,-74
270,-74
270,-74
270,-74
271,-74
271,-74
271,-74
271,-74
271,-74
272,-74
272,-74
272,-74
272,-74
272,-76
273,-76
273,-76
273,-76
273,-76
273,-76
274,-76
274,-76
274,-76
274,-76
274,-76
275,-76
275,-77
275,-77
275,-77
275,-77
276,-77
276,-77
276,-74
276,-74
276,-74
277,-74
277,-74
277,-74
277,-77
277,-77
278,-77
278,-77
278,-77
278,-77
278,-77
279,-77
279,-77
279,-77
279,-77
279,-77
280,-74
280,-74
280,-74
280,-74
280,-74
281,-74
281,-74
281,-74
281,-74
281,-74
282,-74
282,-74
282,-78
282,-78
282,-78
283,-78
283,-78
283,-78
283,-74
283,-74
284,-74
284,-74
284,-74
284,-74
284,-74
285,-74
285,-74
285,-74
285,-74
285,-74
286,-74
286,-74
286,-74
286,-74
286,-74
287,-74
287,-77
287,-77
287,-77
287,-77
288,-77
288,-77
288,-77
288,-77
288,-77
289,-77
289,-77
289,-77
289,-77
289,-77
290,-77
290,-77
290,-77
290,-77
290,-77
291,-76
291,-76
291,-76
291,-76
291,-76
292,-76
292,-77
292,-77
292,-77
292,-77
293,-77
293,-77
293,-77
293,-77
293,-77
294,-77
294,-77
294,-77
294,-76
294,-76
295,-76
295,-76
295,-76
295,-76
295,-78
296,-78
296,-78
296,-78
296,-78
296,-78
297,-78
297,-78
297,-78
297,-78
297,-78
298,-78
298,-74
298,-74
298,-74
298,-74
299,-74
299,-74
299,-74
299,-74
299,-74
300,-74
300,-74
300,-74
300,-78
300,-78
301,-78
301,-78
301,-78
301,-78
301,-77
302,-77
302,-77
302,-77
302,-77
302,-77
303,-77
303,-74
303,-74
303,-74
303,-74
304,-74
304,-74
304,-77
304,-77
304,-77
305,-77
305,-77
305,-77
305,-76
305,-76
306,-76
306,-76
306,-76
306,-76
306,-74
307,-74
307,-74
307,-74
307,-74
307,-74
308,-77
308,-77
308,-77
308,-77
308,-77
309,-77
309,-77
309,-77
309,-77
309,-77
310,-77
310,-77
310,-74
310,-74
310,-74
311,-74
311,-74
311,-74
311,-77
311,-77
312,-77
312,-77
312,-77
312,-77
312,-77
313,-77
313,-77
313,-77
313,-77
313,-77
314,-74
314,-74
314,-74
314,-74
314,-74
315,-74
315,-77
315,-77
315,-77
315,-77
316,-77
316,-77
316,-74
316,-74
316,-74
317,-74
317,-74
317,-74
317,-77
317,-77
318,-77
318,-77
318,-77
318,-77
318,-77
319,-77
319,-77
319,-77
319,-77
319,-77
320,-76
320,-76
320,-76
320,-76
320,-76
321,-76
321,-76
321,-76
321,-76
321,-76
322,-76
322,-76
322,-77
322,-77
322,-77
323,-77
323,-77
323,-77
323,-77
323,-77
324,-77
324,-77
324,-77
324,-77
324,-77
325,-76
325,-76
325,-76
325,-76
326,-76
326,-76
326,-77
326,-77
326,-77
327,-77
327,-77
327,-77
327,-74
327,-74
328,-74
328,-74
328,-74
328,-74
328,-75
329,-75
329,-75
329,-75
329,-75
329,-75
330,-77
330,-77
330,-77
330,-77
330,-77
331,-77
331,-78
331,-78
331,-78
331,-78
332,-78
332,-78
332,-77
332,-77
332,-77
333,-77
333,-77
333,-77
333,-78
333,-78
334,-78
334,-78
334,-78
334,-78
334,-77
335,-77
335,-77
335,-77
335,-77
335,-77
336,-77
336,-77
336,-77
336,-77
336,-77
337,-77
337,-78
337,-78
337,-78
337,-78
338,-78
338,-78
338,-73
338,-73
338,-73
339,-73
339,-73
339,-73
339,-78
339,-78
340,-78
340,-78
340,-78
340,-78
340,-73
341,-73
341,-73
341,-73
341,-73
341,-73
342,-77
342,-77
342,-77
342,-77
342,-77
343,-77
343,-73
343,-73
343,-73
343,-73
344,-73
344,-73
344,-73
344,-74
344,-74
345,-74
345,-74
345,-74
345,-74
345,-73
346,-73
346,-73
346,-73
346,-73
346,-73
347,-78
347,-78
347,-78
347,-78
347,-78
348,-78
348,-78
348,-78
348,-78
348,-78
349,-78
349,-78
349,-73
349,-73
349,-73
350,-73
350,-73
350,-73
350,-76
350,-76
351,-76
351,-76
351,-76
351,-76
351,-73
352,-73
352,-73
352,-73
352,-73
352,-73
353,-76
353,-76
353,-76
353,-76
353,-76
354,-76
354,-76
354,-76
354,-76
354,-76
355,-76
355,-76
355,-76
355,-76
355,-76
356,-76
356,-76
356,-76
356,-76
356,-76
357,-76
357,-76
357,-76
357,-76
357,-76
358,-76
358,-76
358,-76
358,-76
358,-76
359,-76
359,-78
359,-78
359,-78
359,-78
360,-78
360,-78
360,-77
360,-77
360,-77
361,-77
361,-77
361,-77
361,-74
361,-74
362,-74
362,-74
362,-74
362,-74
362,-77
363,-77
363,-77
363,-77
363,-77
363,-77
364,-77
364,-77
364,-77
364,-77
364,-77
365,-77
365,-78
365,-78
365,-78
365,-78
366,-78
366,-78
366,-77
366,-77
366,-77
367,-77
367,-77
367,-77
367,-78
367,-78
368,-78
368,-78
368,-78
368,-78
368,-77
369,-77
369,-77
369,-77
369,-77
369,-77
370,-74
370,-74
370,-74
370,-74
370,-74
371,-74
371,-77
371,-77
371,-77
371,-77
372,-77
372,-77
372,-77
372,-77
372,-77
373,-77
373,-77
373,-77
373,-73
373,-73
374,-73
374,-73
374,-73
374,-73
374,-74
375,-74
375,-74
375,-74
375,-74
375,-74
376,-76
376,-76
376,-76
376,-76
376,-76
377,-76
377,-74
377,-74
377,-74
377,-74
378,-74
378,-74
378,-74
378,-77
378,-77
379,-77
379,-77
379,-77
379,-77
379,-76
380,-76
380,-76
380,-76
380,-76
380,-76
381,-77
381,-77
381,-77
381,-77
381,-77
382,-77
382,-77
382,-77
382,-77
382,-77
383,-77
383,-77
383,-76
383,-76
383,-76
384,-76
384,-76
384,-76
384,-77
384,-77
385,-77
385,-77
385,-77
385,-77
385,-74
386,-74
386,-74
386,-74
386,-74
386,-74
387,-77
387,-77
387,-77
387,-77
387,-77
388,-77
388,-77
388,-77
388,-77
388,-77
389,-77
389,-77
389,-76
389,-76
390,-76
390,-76
390,-76
390,-76
390,-76
391,-76
391,-76
391,-76
391,-76
391,-76
392,-76
392,-76
392,-76
392,-76
392,-76
393,-76
393,-76
393,-76
393,-76
393,-76
394,-76
394,-76
394,-77
394,-77
394,-77
395,-77
395,-77
395,-77
395,-76
395,-76
396,-76
396,-76
396,-76
396,-76
396,-76
397,-74
397,-74
397,-74
397,-74
397,-74
398,-74
398,-77
398,-77
398,-77
398,-77
399,-77
399,-77
399,-76
399,-76
399,-76
400,-76
400,-76
400,-76
400,-78
400,-78
401,-78
401,-78
401,-78
401,-78
401,-73
402,-73
402,-73
402,-73
402,-73
402,-73
403,-76
403,-76
403,-76
403,-76
403,-76
404,-76
404,-78
404,-78
404,-78
404,-78
405,-78
405,-78
405,-79
405,-79
405,-79
406,-79
406,-79
406,-79
406,-78
406,-78
407,-78
407,-78
407,-78
407,-78
407,-79
408,-79
408,-79
408,-79
408,-79
408,-79
409,-78
409,-78
409,-78
409,-78
409,-78
410,-78
410,-77
410,-77
410,-77
410,-77
411,-77
411,-77
411,-74
411,-74
411,-74
412,-74
412,-74
412,-74
412,-77
412,-77
413,-77
413,-77
413,-77
413,-77
413,-77
414,-76
414,-76
414,-76
414,-76
414,-76
415,-76
415,-76
415,-76
415,-76
415,-76
416,-76
416,-76
416,-77
416,-77
416,-77
417,-77
417,-77
417,-77
417,-74
417,-74
418,-74
418,-74
418,-74
418,-74
418,-74
419,-74
419,-74
419,-74
419,-74
419,-74
420,-77
420,-77
420,-77
420,-77
420,-77
421,-77
421,-77
421,-77
421,-77
421,-77
422,-77
422,-77
422,-74
422,-74
422,-74
423,-74
423,-74
423,-74
423,-77
423,-77
424,-77
424,-77
424,-77
424,-77
424,-76
425,-76
425,-76
425,-76
425,-76
425,-76
426,-77
426,-77
426,-77
426,-77
426,-77
427,-77
427,-77
427,-77
427,-77
427,-77
428,-77
428,-77
428,-77
428,-74
428,-74
429,-74
429,-74
429,-74
429,-74
429,-77
430,-77
430,-77
430,-77
430,-77
430,-77
431,-77
431,-77
431,-77
431,-77
431,-77
432,-77
432,-77
432,-77
432,-77
432,-77
433,-77
433,-77
433,-78
433,-78
433,-78
434,-78
434,-78
434,-78
434,-77
434,-77
435,-77
435,-77
435,-77
435,-77
435,-77
436,-77
436,-77
436,-77
436,-77
436,-77
437,-77
437,-77
437,-77
437,-77
437,-77
438,-77
438,-76
438,-76
438,-76
438,-76
439,-76
439,-76
439,-76
439,-76
439,-76
440,-76
440,-76
440,-76
440,-76
440,-74
441,-74
441,-74
441,-74
441,-74
441,-74
442,-76
442,-76
442,-76
442,-76
442,-76
443,-76
443,-74
443,-74
443,-74
443,-74
444,-74
444,-74
444,-73
444,-73
444,-73
445,-73
445,-73
445,-73
445,-77
445,-77
446,-77
446,-77
446,-77
446,-77
446,-73
447,-73
447,-73
447,-73
447,-73
447,-73
448,-77
448,-77
448,-77
448,-77
448,-77
449,-77
449,-77
449,-77
449,-77
449,-77
450,-77
450,-77
450,-77
450,-78
450,-78
451,-78
451,-78
451,-78
451,-78
451,-73
452,-73
452,-73
452,-73
452,-73
452,-73
453,-77
453,-77
453,-77
453,-77
453,-77
454,-77
454,-77
454,-77
454,-77
454,-77
455,-77
455,-77
455,-77
455,-77
455,-77
456,-77
456,-77
456,-77
456,-73
456,-73
457,-73
457,-73
457,-73
457,-73
457,-77
458,-77
458,-77
458,-77
458,-77
458,-77
459,-73
459,-73
459,-73
459,-73
459,-73
460,-73
460,-77
460,-77
460,-77
460,-77
461,-77
461,-77
461,-77
461,-77
461,-77
462,-77
462,-77
462,-77
462,-78
462,-78
463,-78
463,-78
463,-78
463,-78
463,-73
464,-73
464,-73
464,-73
464,-73
464,-73
465,-76
465,-76
465,-76
465,-76
465,-76
466,-76
466,-76
466,-76
466,-76
466,-76
467,-76
467,-76
467,-76
467,-77
467,-77
468,-77
468,-77
468,-77
468,-77
468,-76
469,-76
469,-76
469,-76
469,-76
469,-76
470,-77
470,-77
470,-77
470,-77
470,-77
471,-77
471,-78
471,-78
471,-78
471,-78
472,-78
472,-78
472,-77
472,-77
472,-77
473,-77
473,-77
473,-77
473,-76
473,-76
474,-76
474,-76
474,-76
474,-76
474,-73
475,-73
475,-73
475,-73
475,-73
475,-73
476,-77
476,-77
476,-77
476,-77
476,-77
477,-77
477,-74
477,-74
477,-74
477,-74
478,-74
478,-74
478,-74
478,-78
478,-78
479,-78
479,-78
479,-78
479,-78
479,-78
480,-78
480,-78
480,-78
480,-78
480,-78
481,-77
481,-77
481,-77
481,-77
481,-77
482,-77
482,-74
482,-74
482,-74
482,-74
483,-74
483,-74
483,-78
483,-78
483,-78
484,-78
484,-78
484,-78
484,-74
484,-74
485,-74
485,-74
485,-74
485,-74
485,-74
486,-74
486,-74
486,-74
486,-74
486,-74
487,-73
487,-73
487,-73
487,-73
487,-73
488,-73
488,-77
488,-77
488,-77
488,-77
489,-77
489,-77
489,-76
489,-76
489,-76
490,-76
490,-76
490,-76
490,-73
490,-73
491,-73
491,-73
491,-73
491,-73
491,-73
492,-73
492,-73
492,-73
492,-73
492,-73
493,-74
493,-74
493,-74
493,-74
493,-74
494,-74
494,-74
494,-74
494,-74
494,-74
495,-74
495,-74
495,-76
495,-76
495,-76
496,-76
496,-76
496,-76
496,-77
496,-77
497,-77
497,-77
497,-77
497,-77
497,-77
498,-74
498,-74
498,-74
498,-74
498,-74
499,-74
499,-77
499,-77
499,-77
499,-77
500,-77
500,-77
500,-76
500,-76
500,-76
501,-76
501,-76
501,-76
501,-74
501,-74
502,-74
502,-74
502,-74
502,-74
503,-78
503,-78
503,-78
503,-78
503,-78
504,-78
504,-77
504,-77
504,-77
504,-77
505,-77
505,-77
505,-78
505,-78
505,-78
506,-78
506,-78
506,-78
506,-78
506,-78
507,-78
507,-78
507,-78
507,-78
507,-78
508,-78
508,-78
508,-78
508,-78
508,-78
509,-78
509,-78
509,-78
509,-78
509,-78
510,-78
510,-77
510,-77
510,-77
510,-77
511,-77
511,-77
511,-74
511,-74
511,-74
512,-74
512,-74
512,-74
512,-77
512,-77
513,-77
513,-77
513,-77
513,-77
513,-77
514,-77
514,-77
514,-77
514,-77
514,-77
515,-77
515,-73
515,-73
515,-73
515,-73
516,-73
516,-73
516,-74
516,-74
516,-74
517,-74
517,-74
517,-74
517,-76
517,-76
518,-76
518,-76
518,-76
518,-76
518,-76
519,-76
519,-76
519,-76
519,-76
519,-76
520,-77
520,-77
520,-77
520,-77
520,-77
521,-77
521,-77
521,-77
521,-77
521,-77
522,-77
522,-77
522,-73
522,-73
522,-73
523,-73
523,-73
523,-73
523,-77
523,-77
524,-77
524,-77
524,-77
524,-77
524,-78
525,-78
525,-78
525,-78
525,-78
525,-78
526,-77
526,-77
526,-77
526,-77
526,-77
527,-77
527,-73
527,-73
527,-73
527,-73
528,-73
528,-73
528,-77
528,-77
528,-77
529,-77
529,-77
529,-77
529,-77
529,-77
530,-77
530,-77
530,-77
530,-77
530,-77
531,-77
531,-77
531,-77
531,-77
531,-77
532,-77
532,-73
532,-73
532,-73
532,-73
533,-73
533,-73
533,-74
533,-74
533,-74
534,-74
534,-74
534,-74
534,-77
534,-77
535,-77
535,-77
535,-77
535,-77
535,-74
536,-74
536,-74
536,-74
536,-74
536,-74
537,-77
537,-77
537,-77
537,-77
537,-77
538,-77
538,-77
538,-77
538,-77
538,-77
539,-77
539,-77
539,-77
539,-77
539,-77
540,-77
540,-77
540,-77
540,-78
540,-78
541,-78
541,-78
541,-78
541,-78
541,-77
542,-77
542,-77
542,-77
542,-77
542,-77
543,-77
543,-77
543,-77
543,-77
543,-77
544,-77
544,-73
544,-73
544,-73
544,-73
545,-73
545,-73
545,-73
545,-73
545,-73
546,-73
546,-73
546,-73
546,-73
546,-76
547,-76
547,-76
547,-76
547,-76
547,-76
548,-76
548,-76
548,-76
548,-76
548,-76
549,-76
549,-73
549,-73
549,-73
549,-73
550,-73
550,-73
550,-77
550,-77
550,-77
551,-77
551,-77
551,-77
551,-77
551,-77
552,-77
552,-77
552,-77
552,-77
552,-78
553,-78
553,-78
553,-78
553,-78
553,-78
554,-77
554,-77
554,-77
554,-77
554,-77
555,-77
555,-77
555,-77
555,-77
555,-77
556,-77
556,-77
556,-77
556,-77
556,-77
557,-77
557,-77
557,-77
557,-77
557,-77
558,-77
558,-77
558,-77
558,-77
558,-77
559,-73
559,-73
559,-73
559,-73
559,-73
560,-73
560,-74
560,-74
560,-74
560,-74
561,-74
561,-74
561,-73
561,-73
561,-73
562,-73
562,-73
562,-73
562,-77
562,-77
563,-77
563,-77
563,-77
563,-77
563,-77
564,-77
564,-77
564,-77
564,-77
564,-77
565,-77
565,-77
565,-77
565,-77
565,-77
566,-77
566,-73
566,-73
566,-73
566,-73
567,-73
567,-73
567,-74
567,-74
567,-74
568,-74
568,-74
568,-74
568,-74
568,-74
569,-74
569,-74
569,-74
569,-74
569,-75
570,-75
570,-75
570,-75
570,-75
570,-75
571,-77
571,-77
571,-77
571,-77
571,-77
572,-77
572,-77
572,-76
572,-76
572,-76
573,-76
573,-76
573,-76
573,-77
573,-77
574,-77
574,-77
574,-77
574,-77
574,-77
575,-77
575,-77
575,-77
575,-77
575,-77
576,-73
576,-73
576,-73
576,-73
576,-73
577,-73
577,-77
577,-77
577,-77
577,-77
578,-77
578,-77
578,-74
578,-74
578,-74
579,-74
579,-74
579,-74
579,-74
579,-74
580,-74
580,-74
580,-74
580,-74
580,-77
581,-77
581,-77
581,-77
581,-77
581,-77
582,-74
582,-74
582,-74
582,-74
582,-74
583,-74
583,-74
583,-74
583,-74
583,-74
584,-74
584,-74
584,-77
584,-77
584,-77
585,-77
585,-77
585,-77
585,-78
585,-78
586,-78
586,-78
586,-78
586,-78
586,-78
587,-77
587,-77
587,-77
587,-77
587,-77
588,-77
588,-77
588,-77
588,-77
588,-77
589,-77
589,-77
589,-77
589,-77
589,-77
590,-77
590,-77
590,-77
590,-77
590,-77
591,-77
591,-77
591,-77
591,-77
591,-73
592,-73
592,-73
592,-73
592,-73
592,-73
593,-76
593,-76
593,-76
593,-76
593,-76
594,-76
594,-77
594,-77
594,-77
594,-77
595,-77
595,-77
595,-77
595,-77
595,-77
596,-77
596,-77
596,-77
596,-76
596,-76
597,-76
597,-76
597,-76
597,-76
597,-76
598,-76
598,-76
598,-76
598,-76
598,-76
599,-73
599,-73
599,-73
599,-73
599,-73
600,-73
600,-75
600,-75
600,-75
600,-75
601,-75
601,-75
601,-75
601,-73
601,-73
602,-73
602,-73
602,-73
602,-73
602,-73
603,-73
603,-73
603,-73
603,-73
603,-73
604,-77
604,-77
604,-77
604,-77
604,-77
605,-77
605,-73
605,-73
605,-73
605,-73
606,-73
606,-73
606,-74
606,-74
606,-74
607,-74
607,-74
607,-74
607,-77
607,-77
608,-77
608,-77
608,-77
608,-77
608,-77
609,-77
609,-77
609,-77
609,-77
609,-77
610,-74
610,-74
610,-74
610,-74
610,-74
611,-74
611,-77
611,-77
611,-77
611,-77
612,-77
612,-77
612,-77
612,-77
612,-77
613,-77
613,-77
613,-77
613,-78
613,-78
614,-78
614,-78
614,-78
614,-78
614,-74
615,-74
615,-74
615,-74
615,-74
615,-74
616,-74
616,-77
616,-77
616,-77
617,-77
617,-77
617,-77
617,-77
617,-77
618,-77
618,-77
618,-77
618,-77
618,-74
619,-74
619,-74
619,-74
619,-74
619,-74
620,-76
620,-76
620,-76
620,-76
620,-76
621,-76
621,-77
621,-77
621,-77
621,-77
622,-77
622,-77
622,-77
622,-77
622,-77
623,-77
623,-77
623,-77
623,-74
623,-74
624,-74
624,-74
624,-74
624,-74
624,-73
625,-73
625,-73
625,-73
625,-73
625,-73
626,-73
626,-73
626,-73
626,-73
626,-73
627,-73
627,-77
627,-77
627,-77
627,-77
628,-77
628,-77
628,-74
628,-74
628,-74
629,-74
629,-74
629,-74
629,-77
629,-77
630,-77
630,-77
630,-77
630,-77
630,-77
631,-77
631,-77
631,-77
631,-77
631,-77
632,-74
632,-74
632,-74
632,-74
632,-74
633,-74
633,-74
633,-73
633,-73
633,-73
634,-73
634,-73
634,-73
634,-77
634,-77
635,-77
635,-77
635,-77
635,-77
635,-73
636,-73
636,-73
636,-73
636,-73
636,-73
637,-77
637,-77
637,-77
637,-77
637,-77
638,-77
638,-73
638,-73
638,-73
638,-73
639,-73
639,-73
639,-77
639,-77
639,-77
640,-77
640,-77
640,-77
640,-73
640,-73
641,-73
641,-73
641,-73
641,-73
641,-77
642,-77
642,-77
642,-77
642,-77
642,-77
643,-73
643,-73
643,-73
643,-73
643,-73
644,-73
644,-74
644,-74
644,-74
644,-74
645,-74
645,-74
645,-77
645,-77
645,-77
646,-77
646,-77
646,-77
646,-77
646,-77
647,-77
647,-77
647,-77
647,-77
647,-73
648,-73
648,-73
648,-73
648,-73
648,-73
649,-74
649,-74
649,-74
649,-74
649,-74
650,-74
650,-74
650,-73
650,-73
650,-73
651,-73
651,-73
651,-73
651,-74
651,-74
652,-74
652,-74
652,-74
652,-74
652,-74
653,-74
653,-74
653,-74
653,-74
653,-74
654,-77
654,-77
654,-77
654,-77
654,-77
655,-77
655,-77
655,-77
655,-77
655,-77
656,-77
656,-77
656,-77
656,-77
656,-77
657,-77
657,-77
657,-77
657,-74
657,-74
658,-74
658,-74
658,-74
658,-74
658,-77
659,-77
659,-77
659,-77
659,-77
659,-77
660,-77
660,-77
660,-77
660,-77
660,-77
661,-77
661,-77
661,-77
661,-77
661,-77
662,-77
662,-77
662,-77
662,-77
662,-77
663,-77
663,-77
663,-77
663,-77
663,-77
664,-77
664,-77
664,-77
664,-77
664,-74
665,-74
665,-74
665,-74
665,-74
665,-74
666,-77
666,-77
666,-77
666,-77
666,-77
667,-77
667,-73
667,-73
667,-73
667,-73
668,-73
668,-73
668,-78
668,-78
668,-78
669,-78
669,-78
669,-78
669,-78
669,-76
670,-76
670,-76
670,-76
670,-76
670,-76
671,-73
671,-73
671,-73
671,-73
671,-73
672,-73
672,-77
672,-77
672,-77
672,-77
673,-77
673,-77
673,-77
673,-77
673,-77
674,-77
674,-77
674,-77
674,-73
674,-73
675,-73
675,-73
675,-73
675,-73
675,-77
676,-77
676,-77
676,-77
676,-77
676,-77
677,-77
677,-77
677,-77
677,-77
677,-77
678,-77
678,-76
678,-76
678,-76
678,-76
679,-76
679,-76
679,-77
679,-77
679,-77
680,-77
680,-77
680,-77
680,-77
680,-77
681,-77
681,-77
681,-77
681,-77
681,-73
682,-73
682,-73
682,-73
682,-73
682,-73
683,-77
683,-77
683,-77
683,-77
683,-77
684,-77
684,-77
684,-77
684,-77
684,-77
685,-77
685,-77
685,-77
685,-77
685,-77
686,-77
686,-77
686,-77
686,-77
686,-73
687,-73
687,-73
687,-73
687,-73
687,-73
688,-77
688,-77
688,-77
688,-77
688,-77
689,-77
689,-74
689,-74
689,-74
689,-74
690,-74
690,-74
690,-73
690,-73
690,-73
691,-73
691,-73
691,-73
691,-76
691,-76
692,-76
692,-76
692,-76
692,-76
692,-77
693,-77
693,-77
693,-77
693,-77
693,-77
694,-77
694,-77
694,-77
694,-77
694,-77
695,-77
695,-76
695,-76
695,-76
695,-76
696,-76
696,-76
696,-76
696,-76
696,-76
697,-76
697,-76
697,-76
697,-76
697,-76
698,-76
698,-76
698,-76
698,-76
698,-77
699,-77
699,-77
699,-77
699,-77
699,-77
700,-77
700,-77
700,-77
700,-77
700,-77
701,-77
701,-76
701,-76
701,-76
701,-76
702,-76
702,-76
702,-76
702,-77
703,-77
703,-77
703,-77
703,-77
703,-77
704,-73
704,-73
704,-73
704,-73
704,-73
705,-73
705,-73
705,-73
705,-73
705,-73
706,-73
706,-73
706,-74
706,-74
706,-74
707,-74
707,-74
707,-74
707,-74
707,-74
708,-74
708,-74
708,-74
708,-74
708,-77
709,-77
709,-77
709,-77
709,-77
709,-77
710,-77
710,-77
710,-77
710,-77
710,-77
711,-77
711,-73
711,-73
711,-73
711,-73
712,-73
712,-73
712,-77
712,-77
712,-77
713,-77
713,-77
713,-77
713,-77
713,-77
714,-77
714,-77
714,-77
714,-77
714,-73
715,-73
715,-73
715,-73
715,-73
715,-73
716,-73
716,-76
716,-76
716,-76
716,-76
717,-76
717,-76
717,-74
717,-74
717,-74
718,-74
718,-74
718,-74
718,-77
718,-77
719,-77
719,-77
719,-77
719,-77
719,-76
720,-76
720,-76
720,-76
720,-76
720,-76
721,-77
721,-77
721,-77
721,-77
721,-77
722,-77
722,-73
722,-73
722,-73
722,-73
723,-73
723,-73
723,-74
723,-74
723,-74
724,-74
724,-74
724,-74
