x,y
0,-72
1,-72
2,-72
3,-72
4,-72
5,-72
6,-72
7,-73
8,-73
9,-69
10,-74
11,-74
12,-71
13,-74
14,-71
15,-72
16,-71
17,-73
18,-72
19,-71
20,-70
21,-71
22,-69
23,-72
24,-70
25,-72
26,-72
27,-73
28,-72
29,-74
30,-74
31,-74
32,-75
33,-72
34,-70
35,-73
36,-71
37,-74
38,-72
39,-71
40,-75
41,-72
42,-74
43,-73
44,-75
45,-69
46,-72
47,-72
48,-71
49,-71
50,-74
51,-76
52,-72
53,-72
54,-70
55,-71
56,-69
57,-72
58,-72
59,-70
60,-70
61,-72
62,-70
63,-72
64,-70
65,-71
66,-70
67,-71
68,-70
69,-71
70,-70
71,-71
72,-74
73,-74
74,-70
75,-70
76,-74
77,-71
78,-75
79,-72
80,-72
81,-72
82,-70
83,-70
84,-70
85,-69
86,-72
87,-70
88,-71
89,-71
90,-70
91,-71
92,-71
93,-75
94,-70
95,-71
96,-72
97,-72
98,-69
99,-70
100,-70
101,-72
102,-70
103,-70
104,-70
105,-71
106,-72
107,-71
108,-71
109,-72
110,-75
111,-71
112,-69
113,-75
114,-70
115,-73
116,-73
117,-70
118,-71
119,-70
120,-72
121,-74
122,-69
123,-70
124,-72
125,-70
126,-72
127,-76
128,-72
129,-70
130,-73
131,-72
132,-72
133,-73
134,-70
135,-75
136,-71
137,-71
138,-72
139,-72
140,-72
141,-70
142,-75
143,-75
144,-72
145,-72
146,-72
147,-72
148,-72
149,-71
150,-70
151,-71
152,-74
153,-75
154,-72
155,-71
156,-70
157,-75
158,-74
159,-74
160,-71
161,-71
162,-70
163,-72
164,-70
165,-70
166,-72
167,-73
168,-76
169,-72
170,-68
171,-72
172,-72
173,-75
174,-70
175,-72
176,-71
177,-70
178,-71
179,-72
180,-72
181,-75
182,-75
183,-74
184,-72
185,-72
186,-72
187,-72
188,-72
189,-75
190,-72
191,-70
192,-75
193,-75
194,-71
195,-74
196,-70
197,-74
198,-68
199,-72
200,-72
201,-72
202,-72
203,-72
204,-74
205,-72
206,-73
207,-74
208,-73
209,-71
210,-71
211,-72
212,-74
213,-69
214,-72
215,-73
216,-70
217,-71
218,-71
219,-75
220,-70
221,-71
222,-74
223,-72
224,-73
225,-72
226,-73
227,-71
228,-71
229,-73
230,-70
231,-72
232,-73
233,-72
234,-74
235,-74
236,-70
237,-72
238,-70
239,-71
240,-73
241,-71
242,-73
243,-72
244,-74
245,-73
246,-70
247,-71
248,-71
249,-70
250,-70
251,-73
252,-74
253,-73
254,-73
255,-72
256,-72
257,-70
258,-72
259,-73
260,-73
261,-74
262,-72
263,-72
264,-71
265,-73
266,-73
267,-70
268,-71
269,-72
270,-73
271,-73
272,-70
273,-69
274,-72
275,-70
276,-73
277,-73
278,-73
279,-70
280,-71
281,-71
282,-72
283,-70
284,-71
285,-71
286,-72
287,-69
288,-70
289,-73
290,-71
291,-71
292,-73
294,-73
295,-73
296,-73
297,-73
298,-73
299,-73
300,-72
301,-70
302,-71
303,-71
304,-72
305,-71
306,-72
307,-71
308,-71
309,-72
310,-73
311,-71
312,-73
313,-73
314,-71
315,-73
316,-70
317,-73
318,-73
319,-70
320,-71
321,-69
322,-72
323,-72
324,-73
325,-75
326,-70
327,-71
328,-73
329,-73
330,-75
331,-71
332,-73
333,-68
334,-71
335,-73
336,-71
337,-70
338,-72
339,-70
340,-73
341,-73
342,-71
343,-70
344,-72
345,-72
346,-73
347,-71
348,-71
349,-71
350,-71
351,-72
352,-72
353,-71
354,-72
355,-71
356,-70
357,-72
358,-72
359,-72
360,-71
361,-70
362,-71
363,-71
364,-71
365,-70
366,-72
367,-69
368,-69
369,-69
370,-72
371,-72
372,-71
373,-72
374,-72
375,-70
376,-71
377,-72
378,-72
379,-72
380,-72
381,-73
382,-72
383,-72
384,-71
385,-71
386,-71
387,-72
388,-71
389,-70
390,-72
391,-71
392,-70
393,-72
394,-69
395,-72
396,-72
397,-70
398,-72
399,-71
400,-70
401,-72
402,-72
403,-70
404,-71
405,-72
406,-71
407,-70
408,-72
409,-72
410,-72
411,-72
412,-71
413,-73
414,-72
415,-71
416,-72
417,-70
418,-71
419,-72
420,-69
421,-71
422,-73
423,-73
424,-73
425,-71
426,-73
427,-68
428,-71
429,-72
430,-72
431,-71
432,-71
433,-71
434,-71
435,-71
436,-68
437,-71
438,-71
439,-70
440,-69
441,-71
442,-72
443,-69
444,-71
445,-68
446,-71
447,-71
448,-71
449,-71
450,-71
451,-69
452,-71
453,-71
454,-71
455,-72
456,-72
457,-71
458,-71
459,-71
460,-70
461,-71
462,-69
463,-70
464,-71
465,-71
466,-71
467,-71
468,-70
469,-69
470,-71
471,-69
472,-70
473,-70
474,-70
475,-69
476,-70
477,-71
478,-72
479,-69
480,-72
481,-70
482,-72
483,-72
484,-70
485,-70
486,-69
487,-71
488,-71
489,-72
490,-69
491,-70
492,-72
493,-72
494,-71
495,-72
496,-72
497,-70
498,-71
499,-70
500,-72
501,-71
502,-70
503,-72
504,-71
505,-71
506,-72
507,-73
508,-70
509,-71
510,-73
511,-73
512,-71
513,-72
514,-72
515,-72
516,-72
517,-71
518,-70
519,-71
520,-71
521,-73
522,-74
523,-74
524,-71
525,-72
526,-72
527,-72
528,-71
529,-71
530,-72
531,-73
532,-71
533,-72
534,-72
535,-72
536,-73
537,-73
538,-72
539,-74
540,-71
541,-73
542,-72
543,-72
544,-73
545,-72
546,-72
547,-71
548,-72
549,-72
550,-72
551,-72
552,-75
553,-72
554,-72
555,-70
556,-72
557,-74
558,-75
559,-74
560,-73
561,-71
562,-73
563,-72
564,-74
565,-74
566,-71
567,-72
568,-74
569,-72
570,-72
571,-74
572,-74
573,-74
574,-70
575,-74
576,-74
577,-74
578,-73
579,-73
580,-72
581,-73
582,-72
583,-73
584,-70
585,-72
586,-72
587,-72
588,-71
589,-73
590,-71
591,-73
592,-73
593,-73
594,-73
595,-73
596,-71
597,-71
598,-73
599,-75
600,-74
601,-74
602,-71
603,-72
604,-74
605,-72
606,-73
607,-74
608,-73
609,-73
610,-73
611,-74
612,-72
613,-74
614,-73
615,-73
616,-74
617,-74
618,-72
619,-74
620,-72
621,-73
622,-72
623,-71
624,-71
625,-73
626,-73
627,-73
628,-75
629,-72
630,-73
631,-72
632,-73
633,-72
634,-73
635,-73
636,-74
637,-73
638,-73
639,-73
640,-75
641,-74
642,-75
643,-73
644,-72
645,-72
646,-74
647,-71
648,-71
649,-74
650,-72
651,-73
652,-73
653,-72
654,-73
655,-73
656,-70
657,-72
658,-75
659,-71
660,-72
661,-72
662,-73
663,-73
664,-72
665,-73
666,-74
667,-74
668,-72
669,-75
670,-74
671,-74
672,-73
673,-72
674,-72
675,-74
676,-74
677,-74
678,-74
679,-73
680,-72
681,-73
682,-71
683,-72
684,-72
685,-74
686,-73
687,-73
688,-73
689,-72
690,-73
691,-72
692,-72
693,-73
694,-74
695,-73
696,-74
697,-73
698,-73
699,-74
700,-72
701,-74
702,-75
703,-75
704,-72
705,-72
706,-72
707,-74
708,-73
709,-73
710,-74
711,-73
712,-74
713,-76
714,-73
715,-74
716,-73
717,-72
718,-73
719,-74
720,-73
721,-74
722,-75
723,-76
724,-74
725,-73
726,-73
727,-72
728,-74
729,-75
730,-74
731,-74
732,-72
733,-72
734,-74
735,-73
736,-76
737,-75
738,-74
739,-72
740,-72
741,-74
742,-73
743,-74
744,-73
745,-75
746,-76
747,-75
748,-73
749,-73
750,-74
751,-76
752,-74
753,-72
754,-73
755,-75
756,-75
757,-75
758,-73
759,-73
760,-73
761,-74
762,-75
763,-72
764,-76
765,-76
766,-74
767,-75
768,-74
769,-72
770,-75
771,-75
772,-76
773,-73
774,-75
775,-76
776,-74
777,-72
778,-76
779,-75
780,-80
781,-74
782,-74
783,-74
784,-74
785,-74
786,-74
787,-74
788,-74
789,-73
790,-73
791,-73
792,-76
793,-75
794,-72
795,-73
796,-72
797,-75
798,-73
799,-75
800,-76
801,-74
802,-73
803,-76
804,-73
805,-76
806,-74
807,-73
808,-74
809,-75
810,-76
811,-75
812,-76
813,-74
814,-75
815,-76
816,-76
817,-72
818,-74
819,-76
820,-74
821,-74
822,-75
823,-74
824,-76
825,-75
826,-75
827,-73
828,-75
829,-74
830,-74
831,-75
832,-74
833,-74
834,-77
835,-75
836,-75
837,-73
838,-76
839,-76
840,-76
841,-75
842,-75
843,-73
844,-75
845,-73
846,-73
847,-73
848,-74
849,-75
850,-75
851,-77
852,-76
853,-74
854,-75
855,-76
856,-76
857,-75
859,-74
860,-76
861,-76
862,-75
863,-75
864,-76
865,-78
866,-75
867,-74
868,-74
869,-74
870,-76
871,-75
872,-75
873,-75
874,-74
875,-73
876,-73
877,-73
878,-76
879,-80
880,-76
881,-76
882,-74
883,-74
884,-74
885,-82
886,-75
887,-76
888,-76
889,-76
890,-75
891,-75
892,-76
893,-75
894,-74
895,-76
896,-74
897,-73
898,-77
899,-77
900,-81
901,-75
902,-77
903,-74
904,-74
905,-77
906,-74
907,-78
908,-76
909,-74
910,-74
911,-75
912,-75
913,-75
914,-76
915,-78
916,-77
917,-75
918,-77
919,-75
920,-76
921,-74
922,-77
923,-76
924,-77
925,-77
926,-78
927,-75
928,-74
929,-75
930,-77
931,-73
932,-73
933,-76
934,-75
935,-75
936,-84
937,-80
938,-76
939,-74
940,-77
941,-78
942,-75
943,-83
944,-77
945,-74
946,-74
947,-78
948,-79
949,-78
950,-75
951,-75
952,-77
953,-78
954,-74
955,-76
956,-75
957,-77
958,-76
959,-77
960,-77
961,-74
962,-86
963,-76
964,-75
965,-76
966,-78
967,-77
968,-74
969,-74
970,-82
971,-76
972,-75
973,-76
974,-77
975,-78
976,-76
977,-76
978,-75
979,-75
980,-75
981,-74
982,-74
983,-76
984,-75
985,-75
986,-74
987,-75
988,-77
989,-76
990,-74
991,-76
992,-81
993,-77
994,-75
995,-76
996,-76
997,-75
998,-75
999,-75
1000,-75
1001,-77
1002,-77
1003,-75
1004,-75
1005,-75
1006,-76
1007,-74
1008,-75
1009,-77
1010,-73
1011,-77
1012,-77
1013,-76
1014,-77
1015,-75
1016,-73
1017,-77
1018,-76
1019,-75
1020,-75
1021,-77
1022,-77
1023,-75
1024,-76
1025,-74
1026,-75
1027,-75
1028,-75
1029,-76
1030,-75
1031,-74
1032,-74
1033,-74
1034,-74
1035,-76
1036,-75
1037,-73
1038,-74
1039,-73
1040,-75
1041,-76
1042,-75
1043,-73
1044,-73
1045,-76
1046,-74
1047,-76
1048,-76
1049,-73
1050,-73
1051,-74
1052,-73
1053,-74
1054,-73
1055,-75
1056,-76
1057,-76
1058,-74
1059,-73
1060,-77
1061,-75
1062,-74
1063,-75
1064,-75
1065,-74
1066,-74
1067,-76
1068,-76
1069,-75
1070,-76
1071,-74
1072,-73
1073,-74
1074,-76
1075,-77
1076,-74
1077,-73
1078,-76
1079,-75
1080,-75
1081,-74
1082,-74
1083,-74
1084,-74
1085,-74
1086,-73
1087,-74
1088,-74
1089,-75
1090,-74
1091,-74
1092,-75
1093,-76
1094,-75
1095,-75
1096,-73
1097,-73
1098,-75
1099,-74
1100,-74
1101,-75
1102,-73
1103,-72
1104,-73
1105,-72
1106,-74
1107,-75
1108,-74
1109,-74
1110,-74
1111,-74
1112,-76
1113,-72
1114,-75
1115,-75
1116,-75
1117,-72
1118,-73
1119,-74
1120,-74
1121,-75
1122,-75
1123,-76
1124,-73
1125,-73
1126,-73
1127,-74
1128,-74
1129,-73
1130,-73
1131,-73
1132,-74
1133,-76
1134,-73
1135,-73
1136,-74
1137,-74
1138,-74
1139,-73
1140,-73
1141,-73
1142,-74
1143,-73
1144,-74
1145,-73
1146,-73
1147,-76
1148,-74
1149,-72
1150,-72
1151,-74
1152,-73
1153,-74
1154,-73
1155,-74
1156,-73
1157,-73
1158,-73
1159,-73
1160,-73
1161,-75
1162,-72
1163,-73
1164,-73
1165,-73
1166,-72
1167,-73
1168,-73
1169,-73
1170,-71
1171,-73
1172,-73
1173,-74
1174,-73
1175,-73
1176,-72
1177,-73
1178,-72
1179,-73
1180,-73
1181,-72
1182,-73
1183,-72
1184,-74
1185,-73
1186,-73
1187,-72
1188,-72
1189,-72
1190,-73
1191,-72
1192,-73
1193,-74
1194,-73
1195,-73
1196,-73
1197,-74
1198,-72
1199,-72
1200,-72
1201,-73
1202,-73
1203,-72
1204,-72
1205,-72
1206,-72
1207,-72
1208,-72
1209,-73
1210,-73
1211,-73
1212,-73
1213,-73
1214,-73
1215,-73
1216,-72
1217,-72
1218,-71
1219,-72
1220,-72
1221,-71
1222,-73
1223,-73
1224,-72
1225,-73
1226,-72
1227,-72
1228,-72
1229,-72
1230,-73
1231,-73
1232,-72
1233,-72
1234,-73
1235,-73
1236,-72
1237,-72
1238,-72
1239,-72
1240,-72
1241,-72
1242,-73
1243,-72
1244,-72
1245,-72
1246,-72
1247,-73
1248,-73
1249,-72
1250,-72
1251,-73
1252,-73
1253,-73
1254,-74
1255,-72
1256,-73
1257,-72
1258,-72
1259,-72
1260,-73
1261,-73
1262,-73
1263,-73
1264,-73
1265,-73
1266,-73
1267,-72
1268,-73
1269,-72
1270,-71
1271,-72
1272,-73
1273,-72
1274,-71
1275,-72
1276,-72
1277,-73
1278,-72
1279,-72
1280,-72
1281,-72
1282,-73
1283,-72
1284,-71
1285,-72
1286,-72
1287,-72
1288,-71
1289,-72
1290,-72
1291,-72
1292,-72
1293,-72
1294,-72
1295,-71
1296,-72
1297,-72
1298,-71
1299,-72
1300,-72
1301,-72
1302,-72
1303,-72
1304,-72
1305,-72
1306,-72
1307,-72
1308,-72
1309,-72
1310,-71
1311,-72
1312,-72
1313,-72
1314,-72
1315,-72
1316,-72
1317,-72
1318,-72
1319,-71
1320,-72
1321,-72
1322,-72
1323,-71
1324,-72
1325,-72
1326,-72
1327,-72
1328,-71
1329,-72
1330,-72
1331,-72
1332,-72
1333,-71
1334,-71
1335,-72
1336,-72
1337,-72
1338,-71
1339,-72
1340,-71
1341,-71
1342,-72
1343,-72
1344,-70
1345,-71
1346,-72
1347,-72
1348,-72
1349,-72
1350,-71
1351,-72
1352,-71
1353,-71
1354,-71
1355,-71
1356,-71
1357,-71
1358,-72
1359,-72
1360,-72
1361,-73
1362,-73
1363,-73
1364,-72
1365,-72
1366,-71
1367,-72
1368,-72
1369,-71
1370,-72
1371,-71
1372,-72
1373,-72
1374,-72
1375,-71
1376,-72
1377,-72
1378,-71
1379,-71
1380,-72
1381,-72
1382,-72
1383,-72
1384,-71
1385,-71
1386,-72
1387,-72
1388,-73
1389,-72
1390,-71
1391,-71
1392,-71
1393,-72
1394,-72
1395,-73
1396,-72
1397,-71
1398,-72
1399,-72
1400,-72
1401,-72
1402,-73
1403,-72
1404,-71
1405,-72
1406,-72
1407,-73
1408,-72
1409,-72
1410,-72
1411,-72
1412,-72
1413,-72
1414,-72
1415,-71
1416,-72
1417,-72
1418,-72
1419,-72
1420,-72
1421,-72
1422,-72
1423,-73
1424,-73
1425,-71
1426,-72
1427,-72
1428,-73
1429,-72
1430,-71
1431,-72
1432,-71
1433,-72
1434,-72
1435,-72
1436,-72
1437,-72
1438,-72
1439,-72
1440,-72
1441,-72
1442,-72
1443,-71
1444,-72
1445,-72
1446,-72
1447,-72
1448,-72
1449,-72
1450,-71
1451,-72
1452,-71
1453,-73
1454,-72
1455,-71
1456,-72
1457,-72
1458,-72
1459,-73
1460,-73
1461,-71
1462,-71
1463,-71
1464,-71
1465,-72
1466,-72
1467,-72
1468,-73
1469,-73
1470,-73
1471,-72
1472,-73
1473,-71
1474,-72
1475,-71
1476,-72
1477,-71
1478,-72
1479,-72
1480,-72
1481,-73
1482,-72
1483,-73
1484,-73
1486,-73
1487,-73
1488,-73
1489,-73
1490,-72
1491,-73
1492,-73
1493,-72
1494,-72
1495,-73
1496,-73
1497,-73
1498,-73
1499,-73
1500,-73
1501,-72
1502,-73
1503,-72
1504,-74
1505,-75
1506,-74
1507,-73
1508,-72
1509,-73
1510,-73
1511,-73
1512,-72
1513,-73
1514,-73
1515,-74
1516,-74
1517,-73
1518,-73
1519,-73
1520,-73
1521,-73
1522,-73
1523,-73
1524,-73
1525,-73
1526,-73
1527,-73
1528,-73
1529,-73
1530,-73
1531,-73
1532,-74
1533,-73
1534,-72
1535,-73
1536,-74
1537,-74
1538,-73
1539,-74
1540,-74
1541,-74
1542,-74
1543,-74
1544,-74
1545,-73
1546,-72
1547,-73
1548,-73
1549,-74
1550,-73
1551,-74
1552,-74
1553,-74
1554,-74
1555,-73
1556,-73
1557,-73
1558,-73
1559,-74
1560,-75
1561,-74
1562,-74
1563,-74
1564,-74
1565,-74
1566,-74
1567,-74
1568,-74
1569,-74
1570,-74
1571,-75
1572,-74
1573,-74
1574,-75
1575,-74
1576,-74
1577,-74
1578,-74
1579,-74
1580,-75
1581,-76
1582,-75
1583,-74
1584,-74
1585,-75
1586,-74
1587,-74
1588,-75
1589,-74
1590,-76
1591,-75
1592,-74
1593,-75
1594,-74
1595,-76
1596,-75
1597,-75
1598,-74
1599,-73
1600,-73
1601,-75
1602,-75
1603,-75
1604,-75
1605,-74
1606,-75
1607,-75
1608,-75
1609,-75
1610,-75
1611,-75
1612,-74
1613,-75
1614,-76
1615,-75
1616,-76
1617,-75
1618,-77
1619,-75
1620,-77
1621,-76
1622,-75
1623,-75
1624,-75
1625,-75
1626,-73
1627,-75
1628,-76
1629,-75
1630,-75
1631,-75
1632,-75
1633,-75
1634,-75
1635,-75
1636,-75
1637,-75
1638,-75
1639,-75
1640,-76
1641,-75
1642,-75
1643,-75
1644,-76
1645,-75
1646,-76
1647,-75
1648,-75
1649,-75
1650,-75
1651,-74
1652,-78
1653,-75
1654,-75
1655,-75
1656,-74
1657,-76
1658,-75
1659,-77
1660,-76
1661,-77
1662,-76
1663,-76
1664,-76
1665,-76
1666,-77
1667,-76
1668,-76
1669,-74
1670,-76
1671,-76
1672,-75
1673,-76
1674,-76
1675,-75
1676,-76
1677,-76
1678,-75
1679,-76
1680,-76
1681,-74
1682,-76
1683,-74
1684,-76
1685,-75
1686,-76
1687,-77
1688,-77
1689,-77
1690,-76
1691,-74
1692,-77
1693,-76
1694,-77
1695,-76
1696,-75
1697,-75
1698,-74
1699,-77
1700,-75
1701,-76
1702,-76
1703,-75
1704,-75
1705,-74
1706,-75
1707,-75
1708,-75
1709,-76
1710,-76
1711,-76
1712,-74
1713,-77
1714,-75
1715,-75
1716,-76
1717,-74
1718,-75
1719,-76
1720,-76
1721,-75
1722,-74
1723,-76
1724,-77
1725,-78
1726,-77
1727,-76
1728,-76
1729,-77
1730,-77
1731,-76
1732,-77
1733,-75
1734,-75
1735,-76
1736,-76
1737,-79
1738,-77
1739,-76
1740,-76
1741,-76
1742,-75
1743,-76
1744,-76
1745,-74
1746,-77
1747,-77
1748,-76
1749,-76
1750,-80
1751,-77
1752,-75
1753,-77
1754,-77
1755,-75
1756,-76
1757,-85
1758,-76
1759,-76
1760,-76
1761,-76
1762,-76
1763,-76
1764,-76
1765,-76
1766,-76
1767,-76
1768,-76
1769,-76
1770,-76
1771,-76
1772,-76
1773,-76
1774,-76
1775,-76
1776,-76
1777,-76
1778,-76
1779,-76
1780,-76
1781,-76
1782,-76
1783,-76
1784,-76
1785,-84
1786,-77
1787,-74
1788,-77
1789,-75
1790,-76
1791,-75
1792,-75
1793,-76
1794,-76
1795,-75
1796,-77
1797,-76
1798,-75
1799,-75
1800,-75
1801,-75
1802,-74
1803,-75
1804,-77
1805,-76
1806,-76
1807,-77
1808,-77
1809,-74
1810,-75
1811,-75
1812,-76
1813,-75
1814,-77
1815,-78
1816,-77
1817,-77
1818,-76
1819,-75
1820,-76
1821,-76
1822,-76
1823,-77
1824,-76
1825,-76
1826,-76
1827,-78
1828,-79
1829,-75
1830,-75
1831,-76
1832,-77
1833,-75
1834,-77
1835,-79
1836,-76
1837,-77
1838,-77
1839,-77
1840,-74
1841,-77
1842,-78
1843,-75
1844,-75
1845,-75
1846,-78
1847,-75
1848,-74
1849,-75
1850,-76
1851,-76
1852,-77
1853,-77
1854,-77
1855,-75
1856,-77
1857,-78
1858,-75
1859,-76
1860,-76
1861,-77
1862,-76
1863,-75
1864,-76
1865,-78
1866,-78
1867,-77
1868,-76
1869,-78
1870,-77
1871,-76
1872,-77
1873,-78
1874,-75
1875,-75
1876,-77
1877,-76
1878,-75
1879,-75
1880,-75
1881,-76
1882,-77
1883,-80
1884,-76
1885,-76
1886,-76
1887,-77
1888,-77
1889,-75
1890,-75
1891,-75
1892,-77
1893,-76
1894,-77
1895,-75
1896,-77
1897,-76
1898,-75
1899,-79
1900,-76
1901,-76
1902,-75
1903,-76
1904,-78
1905,-80
1906,-75
1907,-76
1908,-78
1909,-77
1910,-78
1911,-77
1912,-80
1913,-78
1914,-75
1915,-75
1916,-75
1917,-78
1918,-76
1919,-75
1920,-79
1921,-78
1922,-74
1923,-74
1924,-75
1925,-75
1926,-81
1927,-80
1928,-75
1929,-75
1930,-77
1931,-78
1932,-77
1933,-81
1934,-75
1935,-77
1936,-78
1937,-75
1938,-75
1939,-78
1940,-77
1941,-75
1942,-79
1943,-74
1944,-75
1945,-74
1946,-75
1947,-80
1948,-75
1949,-74
1950,-76
1951,-78
1952,-74
1953,-76
1954,-76
1955,-78
1956,-80
1957,-74
1958,-75
1959,-78
1960,-74
1961,-77
1962,-78
1963,-78
1964,-78
1965,-73
1966,-79
1967,-76
1968,-76
1969,-82
1970,-75
1971,-75
1972,-79
1973,-78
1974,-78
1975,-79
1976,-75
1977,-75
1978,-77
1979,-80
1980,-80
1981,-75
1982,-76
1983,-75
1984,-76
1985,-75
1986,-78
1987,-79
1988,-77
1989,-76
1990,-82
1991,-76
1992,-76
1993,-77
1994,-77
1995,-77
1996,-75
1997,-81
1998,-75
1999,-73
2000,-73
2001,-76
2002,-73
2003,-76
2004,-74
2005,-76
2006,-75
2007,-78
2008,-78
2009,-78
2010,-74
2011,-79
2012,-77
2013,-77
2014,-79
2015,-79
2016,-75
2017,-79
2018,-76
2019,-80
2020,-79
2021,-76
2022,-76
2023,-79
2024,-79
2025,-78
2026,-73
2027,-75
2028,-77
2029,-76
2030,-73
2031,-79
2032,-77
2033,-76
2034,-77
2035,-76
2036,-74
2037,-75
2038,-76
2039,-75
2040,-74
2041,-75
2043,-76
2044,-75
2045,-75
2046,-75
2047,-87
2048,-77
2049,-77
2050,-78
2051,-76
2052,-77
2053,-73
2054,-76
2055,-78
2056,-76
2057,-73
2058,-78
2059,-79
2060,-79
2061,-77
2062,-77
2063,-76
2064,-79
2065,-79
2066,-79
2067,-79
2068,-76
2069,-78
2070,-78
2071,-78
2072,-78
2073,-80
2074,-74
2075,-75
2076,-77
2077,-75
2078,-76
2079,-75
2080,-75
2081,-76
2082,-76
2083,-76
2084,-77
2085,-76
2086,-79
2087,-79
2088,-73
2089,-75
2090,-77
2091,-78
2092,-75
2093,-75
2094,-74
2095,-82
2096,-78
2097,-74
2098,-74
2099,-74
2100,-76
2101,-77
2102,-73
2103,-75
2104,-76
2105,-74
2106,-77
2107,-78
2108,-74
2109,-76
2110,-73
2111,-77
2112,-76
2113,-78
2114,-76
2115,-76
2116,-77
2117,-73
2118,-74
2119,-82
2120,-77
2121,-75
2122,-76
2123,-72
2124,-74
2125,-79
2126,-79
2127,-77
2128,-72
2129,-74
2130,-75
2131,-73
2132,-74
2133,-75
2134,-73
2135,-74
2136,-76
2137,-72
2138,-75
2139,-76
2140,-76
2141,-78
2142,-78
2143,-78
2144,-74
2145,-72
2146,-74
2147,-74
2148,-75
2149,-77
2150,-77
2151,-73
2152,-75
2153,-78
2154,-75
2155,-75
2156,-75
2157,-75
2158,-75
2159,-74
2160,-74
2161,-74
2162,-76
2163,-74
2164,-75
2165,-72
2166,-75
2167,-76
2168,-74
2169,-78
2170,-73
2171,-78
2172,-76
2173,-76
2174,-80
2175,-77
2176,-76
2177,-77
2178,-77
2179,-77
2180,-77
2181,-79
2182,-75
2183,-73
2184,-76
2185,-76
2186,-76
2187,-75
2188,-79
2189,-74
2190,-73
2191,-75
2192,-72
2193,-72
2194,-75
2195,-76
2196,-74
2197,-77
2198,-75
2199,-76
2200,-77
2201,-76
2202,-75
2203,-75
2204,-75
2205,-75
2206,-75
2207,-73
2208,-74
2209,-78
2210,-74
2211,-75
2212,-76
2213,-72
2214,-72
2215,-75
2216,-78
2217,-74
2218,-76
2219,-75
2220,-75
2221,-76
2222,-73
2223,-73
2224,-76
2225,-75
2226,-76
2227,-76
2228,-75
2229,-79
2230,-75
2231,-74
2232,-74
2233,-76
2234,-75
2235,-76
2236,-79
2237,-75
2238,-74
2239,-74
2240,-75
2241,-76
2242,-75
2243,-77
2244,-73
2245,-74
2246,-75
2247,-75
2248,-75
2249,-75
2250,-75
2251,-77
2252,-75
2253,-76
2254,-75
2255,-75
2256,-74
2257,-74
2258,-74
2259,-75
2260,-74
2261,-73
2262,-75
2263,-72
2264,-72
2265,-74
2266,-75
2267,-74
2268,-72
2269,-74
2270,-73
2271,-72
2272,-73
2273,-73
2274,-73
2275,-74
2276,-74
2277,-75
2278,-75
2279,-75
2280,-75
2281,-75
2282,-75
2283,-75
2284,-75
2285,-75
2286,-75
2287,-75
2288,-75
2289,-73
2290,-75
2291,-73
2292,-72
2293,-75
2294,-74
2295,-75
2296,-72
2297,-73
2298,-74
2299,-75
2300,-75
2301,-73
2302,-74
2303,-72
2304,-72
2305,-74
2306,-74
2307,-74
2308,-75
2309,-74
2310,-74
2311,-74
2312,-73
2313,-75
2314,-72
2315,-73
2316,-72
2317,-72
2318,-72
2319,-73
2320,-73
2321,-77
2322,-73
2323,-73
2324,-73
2325,-72
2326,-75
2327,-75
2328,-75
2329,-74
2330,-72
2331,-73
2332,-74
2333,-72
2334,-73
2335,-73
2336,-73
2337,-73
2338,-73
2339,-75
2340,-73
2341,-72
2342,-73
2343,-73
2344,-73
2345,-72
2346,-72
2347,-74
2348,-74
2349,-75
2350,-74
2351,-74
2352,-73
2353,-74
2354,-72
2355,-74
2356,-74
2357,-74
2358,-74
2359,-74
2360,-74
2361,-74
2362,-73
2363,-73
2364,-73
2365,-73
2366,-73
2367,-74
2368,-74
2369,-74
2370,-74
2371,-73
2372,-73
2373,-73
2374,-72
2375,-76
2376,-75
2377,-74
2378,-74
2379,-72
2380,-73
2381,-72
2382,-74
2383,-75
2384,-74
2385,-74
2386,-72
2387,-73
2388,-73
2389,-74
2390,-74
2391,-74
2392,-73
2393,-74
2394,-74
2395,-75
2396,-73
2397,-72
2398,-73
2399,-74
2400,-73
2401,-72
2402,-73
2403,-72
2404,-75
2405,-74
2406,-72
2407,-73
2408,-73
2409,-73
2410,-72
2411,-76
2412,-73
2413,-72
2414,-73
2415,-73
2416,-73
2417,-73
2418,-73
2419,-73
2420,-71
2421,-72
2422,-72
2423,-74
2424,-74
2425,-73
2426,-73
2427,-72
2428,-73
2429,-73
2430,-74
2431,-72
2432,-72
2433,-75
2434,-73
2435,-74
2436,-74
2437,-73
2438,-74
2439,-72
2440,-76
2441,-72
2442,-73
2443,-72
2444,-72
2445,-73
2446,-73
2447,-76
2448,-73
2449,-73
2450,-72
2451,-74
2452,-72
2453,-73
2454,-73
2455,-74
2456,-73
2457,-72
2458,-73
2459,-72
2460,-74
2461,-74
2462,-73
2463,-72
2464,-72
2465,-72
2466,-72
2467,-74
2468,-73
2469,-75
2470,-73
2471,-73
2472,-74
2473,-73
2474,-73
2475,-73
2476,-71
2477,-74
2478,-71
2479,-70
2480,-71
2481,-72
2482,-73
2483,-73
2484,-73
2485,-72
2486,-74
2487,-73
2488,-74
2489,-72
2490,-72
2491,-73
2492,-73
2493,-72
2494,-73
2495,-73
2496,-73
2497,-74
2498,-73
2499,-72
2500,-73
2501,-73
2502,-73
2503,-73
2504,-74
2505,-72
2506,-72
2507,-74
2508,-75
2509,-73
2510,-72
2511,-70
2512,-73
2513,-74
2514,-74
2515,-71
2516,-72
2517,-73
2518,-72
2519,-72
2520,-73
2521,-71
2522,-73
2523,-71
2524,-71
2525,-70
2526,-70
2527,-72
2528,-71
2529,-74
2530,-70
2531,-73
2532,-73
2533,-73
2534,-74
2535,-71
2536,-72
2537,-72
2538,-71
2539,-72
2540,-73
2541,-72
2542,-73
2543,-73
2544,-73
2545,-74
2546,-74
2547,-72
2548,-70
2549,-72
2550,-72
2551,-72
2552,-71
2553,-71
2554,-72
2555,-73
2556,-73
2557,-73
2558,-73
2559,-71
2560,-72
2561,-71
2562,-73
2563,-72
2564,-70
