x,y
0,-73
1,-73
2,-73
3,-73
4,-73
5,-73
6,-73
7,-76
8,-70
9,-71
10,-70
11,-71
12,-68
13,-70
14,-70
15,-70
16,-70
17,-72
18,-72
19,-69
20,-69
21,-69
22,-71
23,-70
24,-69
25,-71
26,-73
27,-73
28,-72
29,-70
30,-72
31,-70
32,-71
33,-70
34,-72
35,-70
36,-71
37,-72
38,-71
39,-70
40,-73
41,-71
42,-71
43,-71
44,-71
45,-71
46,-72
47,-69
48,-70
49,-71
50,-72
51,-72
52,-71
53,-72
54,-69
55,-70
56,-72
57,-72
58,-69
59,-69
60,-69
61,-70
62,-72
63,-70
64,-72
65,-71
66,-68
67,-69
68,-70
69,-69
70,-72
71,-72
72,-69
73,-69
74,-69
75,-70
76,-68
77,-70
78,-72
79,-70
80,-71
81,-71
82,-70
83,-68
84,-70
85,-71
86,-72
87,-68
88,-69
89,-71
90,-72
91,-71
92,-69
93,-69
94,-69
95,-70
96,-72
97,-70
98,-71
99,-70
100,-68
101,-71
102,-70
103,-70
104,-68
105,-70
106,-71
107,-71
108,-71
109,-72
110,-71
111,-69
112,-71
113,-70
114,-72
115,-68
116,-70
117,-69
118,-71
119,-72
120,-70
121,-71
122,-71
123,-70
124,-71
125,-72
126,-70
127,-71
128,-71
129,-72
130,-73
131,-70
132,-70
133,-70
134,-70
135,-70
136,-70
137,-70
138,-72
139,-70
140,-70
141,-72
142,-70
143,-72
144,-70
145,-72
146,-70
147,-71
148,-70
149,-69
150,-72
151,-71
152,-69
153,-70
154,-70
155,-71
156,-69
157,-71
158,-69
159,-70
160,-69
161,-69
162,-70
163,-70
164,-69
165,-70
166,-72
167,-70
168,-71
169,-71
170,-70
171,-72
172,-72
173,-71
174,-72
175,-69
176,-70
177,-69
178,-70
179,-72
180,-71
181,-71
182,-70
183,-69
184,-70
185,-70
186,-70
187,-71
188,-72
189,-70
190,-71
191,-72
192,-70
193,-72
194,-69
195,-70
196,-72
197,-69
198,-71
199,-70
200,-72
201,-72
202,-70
203,-71
204,-71
205,-71
206,-68
207,-70
208,-69
209,-70
210,-70
211,-70
212,-70
213,-71
214,-72
215,-71
216,-69
217,-68
218,-69
219,-71
220,-72
221,-72
222,-72
223,-71
224,-71
225,-70
226,-70
227,-71
228,-71
229,-71
230,-69
231,-71
232,-71
233,-70
234,-70
235,-70
236,-69
237,-70
238,-69
239,-69
240,-69
241,-70
242,-72
243,-71
244,-72
245,-69
246,-69
247,-70
248,-71
249,-69
250,-70
251,-69
252,-71
253,-70
254,-71
255,-71
256,-71
257,-69
258,-70
259,-71
260,-71
261,-71
262,-71
263,-71
264,-70
265,-70
266,-72
267,-70
268,-69
269,-69
270,-70
271,-70
272,-69
273,-71
274,-69
275,-70
276,-70
277,-70
278,-71
279,-72
280,-72
281,-72
282,-69
283,-69
284,-70
285,-69
286,-70
287,-71
288,-68
289,-70
290,-70
291,-70
292,-72
294,-71
295,-70
296,-71
297,-71
298,-71
299,-71
300,-71
301,-72
302,-70
303,-70
304,-69
305,-69
306,-70
307,-69
308,-69
309,-70
310,-70
311,-70
312,-71
313,-71
314,-71
315,-71
316,-71
317,-70
318,-70
319,-69
320,-70
321,-68
322,-69
323,-70
324,-70
325,-71
326,-71
327,-71
328,-71
329,-71
330,-70
331,-70
332,-70
333,-70
334,-72
335,-71
336,-71
337,-71
338,-69
339,-69
340,-71
341,-71
342,-72
343,-71
344,-69
345,-72
346,-70
347,-71
348,-71
349,-72
350,-68
351,-69
352,-70
353,-71
354,-72
355,-70
356,-70
357,-69
358,-70
359,-69
360,-71
361,-72
362,-72
363,-71
364,-71
365,-69
366,-70
367,-72
368,-68
369,-68
370,-72
371,-72
372,-69
373,-69
374,-71
375,-72
376,-72
377,-72
378,-70
379,-70
380,-70
381,-71
382,-71
383,-71
384,-72
385,-68
386,-70
387,-70
388,-69
389,-69
390,-71
391,-70
392,-72
393,-70
394,-70
395,-69
396,-72
397,-70
398,-71
399,-69
400,-69
401,-71
402,-69
403,-71
404,-71
405,-72
406,-70
407,-72
408,-70
409,-71
410,-72
411,-72
412,-70
413,-72
414,-70
415,-69
416,-69
417,-72
418,-72
419,-70
420,-72
421,-70
422,-70
423,-71
424,-71
425,-72
426,-70
427,-71
428,-71
429,-70
430,-70
431,-69
432,-71
433,-70
434,-70
435,-70
436,-71
437,-70
438,-71
439,-68
440,-69
441,-70
442,-71
443,-70
444,-68
445,-70
446,-72
447,-72
448,-70
449,-70
450,-70
451,-71
452,-71
453,-68
454,-72
455,-70
456,-70
457,-71
458,-70
459,-71
460,-69
461,-71
462,-71
463,-70
464,-70
465,-70
466,-70
467,-71
468,-69
469,-71
470,-70
471,-70
472,-68
473,-68
474,-68
475,-68
476,-70
477,-70
478,-71
479,-71
480,-73
481,-71
482,-70
483,-71
484,-71
485,-69
486,-70
487,-70
488,-71
489,-71
490,-71
491,-70
492,-69
493,-70
494,-70
495,-71
496,-70
497,-71
498,-70
499,-69
500,-70
501,-70
502,-69
503,-71
504,-72
505,-72
506,-72
507,-70
508,-72
509,-72
510,-71
511,-72
512,-72
513,-72
514,-71
515,-72
516,-72
517,-71
518,-71
519,-70
520,-71
521,-71
522,-71
523,-72
524,-71
525,-70
526,-72
527,-71
528,-70
529,-72
530,-72
531,-71
532,-72
533,-72
534,-72
535,-70
536,-71
537,-72
538,-73
539,-71
540,-71
541,-71
542,-71
543,-71
544,-72
545,-72
546,-71
547,-72
548,-72
549,-71
550,-71
551,-71
552,-73
553,-73
554,-71
555,-71
556,-71
557,-71
558,-72
559,-73
560,-71
561,-72
562,-72
563,-72
564,-71
565,-72
566,-71
567,-71
568,-72
569,-72
570,-71
571,-71
572,-72
573,-72
574,-71
575,-71
576,-72
577,-72
578,-72
579,-72
580,-72
581,-72
582,-72
583,-70
584,-71
585,-72
586,-72
587,-71
588,-71
589,-71
590,-72
591,-72
592,-72
593,-72
594,-72
595,-72
596,-72
597,-70
598,-71
599,-72
600,-71
601,-72
602,-73
603,-70
604,-71
605,-72
606,-70
607,-72
608,-73
609,-72
610,-72
611,-72
612,-73
613,-73
614,-72
615,-72
616,-71
617,-72
618,-73
619,-72
620,-73
621,-73
622,-73
623,-71
624,-72
625,-71
626,-72
627,-73
628,-73
629,-70
630,-73
631,-73
632,-73
633,-73
634,-72
635,-72
636,-72
637,-72
638,-72
639,-73
640,-73
641,-73
642,-73
643,-73
644,-72
645,-71
646,-72
647,-72
648,-71
649,-74
650,-71
651,-72
652,-72
653,-71
654,-72
655,-72
656,-71
657,-73
658,-73
659,-72
660,-72
661,-72
662,-73
663,-72
664,-72
665,-72
666,-73
667,-72
668,-73
669,-74
670,-72
671,-72
672,-72
673,-71
674,-72
675,-73
676,-74
677,-72
678,-72
679,-72
680,-72
681,-72
682,-72
683,-71
684,-72
685,-72
686,-72
687,-72
688,-74
689,-72
690,-72
691,-72
692,-71
693,-72
694,-75
695,-73
696,-72
697,-72
698,-72
699,-73
700,-72
701,-72
702,-74
703,-73
704,-72
705,-72
706,-72
707,-73
708,-73
709,-72
710,-72
711,-73
712,-73
713,-75
714,-72
715,-72
716,-72
717,-72
718,-73
719,-74
720,-73
721,-73
722,-74
723,-75
724,-74
725,-73
726,-72
727,-72
728,-74
729,-74
730,-75
731,-73
732,-72
733,-72
734,-74
735,-72
736,-74
737,-75
738,-74
739,-72
740,-72
741,-74
742,-72
743,-74
744,-73
745,-73
746,-75
747,-74
748,-72
749,-72
750,-74
751,-75
752,-75
753,-72
754,-72
755,-75
756,-73
757,-74
758,-73
759,-73
760,-73
761,-73
762,-75
763,-72
764,-75
765,-74
766,-74
767,-74
768,-74
769,-72
770,-73
771,-75
772,-75
773,-74
774,-73
775,-75
776,-73
777,-72
778,-75
779,-75
780,-77
781,-73
782,-74
783,-74
784,-73
785,-74
786,-72
787,-74
788,-75
789,-72
790,-72
791,-72
792,-76
793,-73
794,-72
795,-72
796,-72
797,-75
798,-72
799,-75
800,-75
801,-74
802,-74
803,-75
804,-72
805,-75
806,-72
807,-74
808,-73
809,-74
810,-76
811,-75
812,-76
813,-72
814,-74
815,-75
816,-74
817,-72
818,-72
819,-75
820,-74
821,-74
822,-74
823,-74
824,-75
825,-75
826,-75
827,-73
828,-74
829,-74
830,-73
831,-73
832,-73
833,-73
834,-75
835,-75
836,-75
837,-73
838,-74
839,-75
840,-74
841,-75
842,-73
843,-73
844,-73
845,-73
846,-73
847,-73
848,-73
849,-73
850,-74
851,-76
852,-75
853,-74
854,-75
855,-74
856,-74
857,-75
859,-73
860,-74
861,-73
862,-73
863,-73
864,-75
865,-76
866,-75
867,-74
868,-73
869,-73
870,-74
871,-75
872,-75
873,-75
874,-74
875,-73
876,-73
877,-73
878,-76
879,-77
880,-76
881,-74
882,-74
883,-74
884,-74
885,-82
886,-75
887,-76
888,-76
889,-76
890,-75
891,-73
892,-77
893,-75
894,-74
895,-74
896,-74
897,-73
898,-77
899,-77
900,-77
901,-75
902,-74
903,-74
904,-74
905,-74
906,-74
907,-76
908,-74
909,-75
910,-74
911,-75
912,-75
913,-75
914,-75
915,-76
916,-75
917,-75
918,-77
919,-75
920,-76
921,-74
922,-76
923,-76
924,-74
925,-74
926,-75
927,-75
928,-74
929,-75
930,-75
931,-73
932,-73
933,-73
934,-75
935,-76
936,-79
937,-76
938,-76
939,-74
940,-75
941,-77
942,-75
943,-82
944,-77
945,-74
946,-74
947,-75
948,-78
949,-75
950,-75
951,-75
952,-74
953,-75
954,-74
955,-75
956,-75
957,-75
958,-76
959,-75
960,-75
961,-74
962,-82
963,-76
964,-76
965,-77
966,-75
967,-74
968,-74
969,-75
970,-79
971,-77
972,-77
973,-77
974,-76
975,-77
976,-76
977,-77
978,-74
979,-75
980,-76
981,-74
982,-74
983,-76
984,-76
985,-74
986,-75
987,-75
988,-75
989,-75
990,-74
991,-76
992,-78
993,-77
994,-73
995,-76
996,-76
997,-76
998,-75
999,-75
1000,-76
1001,-75
1002,-77
1003,-76
1004,-75
1005,-76
1006,-76
1007,-73
1008,-74
1009,-77
1010,-74
1011,-76
1012,-77
1013,-77
1014,-76
1015,-76
1016,-74
1017,-76
1018,-76
1019,-75
1020,-76
1021,-75
1022,-77
1023,-75
1024,-76
1025,-74
1026,-75
1027,-75
1028,-76
1029,-76
1030,-75
1031,-74
1032,-75
1033,-73
1034,-76
1035,-75
1036,-75
1037,-75
1038,-75
1039,-73
1040,-75
1041,-76
1042,-76
1043,-74
1044,-74
1045,-76
1046,-74
1047,-75
1048,-75
1049,-75
1050,-74
1051,-75
1052,-74
1053,-74
1054,-73
1055,-73
1056,-75
1057,-77
1058,-76
1059,-75
1060,-78
1061,-76
1062,-74
1063,-75
1064,-75
1065,-73
1066,-74
1067,-77
1068,-77
1069,-77
1070,-75
1071,-75
1072,-74
1073,-74
1074,-76
1075,-76
1076,-76
1077,-74
1078,-74
1079,-76
1080,-76
1081,-76
1082,-75
1083,-74
1084,-75
1085,-75
1086,-74
1087,-75
1088,-75
1089,-76
1090,-75
1091,-74
1092,-76
1093,-77
1094,-77
1095,-75
1096,-75
1097,-75
1098,-76
1099,-75
1100,-75
1101,-75
1102,-74
1103,-75
1104,-72
1105,-75
1106,-75
1107,-75
1108,-75
1109,-76
1110,-75
1111,-75
1112,-75
1113,-73
1114,-74
1115,-74
1116,-75
1117,-74
1118,-74
1119,-76
1120,-74
1121,-75
1122,-75
1123,-75
1124,-74
1125,-74
1126,-74
1127,-76
1128,-76
1129,-74
1130,-75
1131,-74
1132,-76
1133,-75
1134,-74
1135,-73
1136,-75
1137,-74
1138,-76
1139,-73
1140,-73
1141,-74
1142,-75
1143,-74
1144,-75
1145,-75
1146,-74
1147,-76
1148,-76
1149,-73
1150,-73
1151,-74
1152,-75
1153,-75
1154,-74
1155,-75
1156,-73
1157,-73
1158,-74
1159,-73
1160,-74
1161,-76
1162,-74
1163,-73
1164,-73
1165,-74
1166,-75
1167,-73
1168,-73
1169,-74
1170,-72
1171,-74
1172,-74
1173,-74
1174,-74
1175,-74
1176,-74
1177,-75
1178,-74
1179,-74
1180,-73
1181,-73
1182,-74
1183,-75
1184,-75
1185,-75
1186,-73
1187,-73
1188,-73
1189,-73
1190,-73
1191,-73
1192,-74
1193,-76
1194,-73
1195,-75
1196,-76
1197,-74
1198,-75
1199,-75
1200,-73
1201,-75
1202,-73
1203,-73
1204,-73
1205,-73
1206,-73
1207,-73
1208,-73
1209,-73
1210,-73
1211,-73
1212,-75
1213,-75
1214,-74
1215,-74
1216,-73
1217,-72
1218,-72
1219,-73
1220,-73
1221,-72
1222,-74
1223,-73
1224,-73
1225,-73
1226,-74
1227,-74
1228,-74
1229,-73
1230,-73
1231,-73
1232,-72
1233,-73
1234,-74
1235,-73
1236,-73
1237,-73
1238,-73
1239,-73
1240,-74
1241,-74
1242,-73
1243,-74
1244,-72
1245,-73
1246,-73
1247,-73
1248,-73
1249,-73
1250,-74
1251,-73
1252,-73
1253,-73
1254,-75
1255,-72
1256,-74
1257,-73
1258,-72
1259,-74
1260,-73
1261,-73
1262,-73
1263,-74
1264,-73
1265,-73
1266,-74
1267,-74
1268,-74
1269,-74
1270,-72
1271,-73
1272,-74
1273,-74
1274,-72
1275,-72
1276,-72
1277,-73
1278,-73
1279,-72
1280,-72
1281,-72
1282,-74
1283,-73
1284,-73
1285,-73
1286,-73
1287,-72
1288,-72
1289,-72
1290,-72
1291,-72
1292,-73
1293,-74
1294,-72
1295,-73
1296,-72
1297,-72
1298,-73
1299,-73
1300,-73
1301,-73
1302,-73
1303,-73
1304,-73
1305,-73
1306,-74
1307,-74
1308,-73
1309,-73
1310,-71
1311,-72
1312,-73
1313,-72
1314,-73
1315,-72
1316,-73
1317,-72
1318,-72
1319,-73
1320,-73
1321,-73
1322,-73
1323,-73
1324,-73
1325,-73
1326,-72
1327,-73
1328,-72
1329,-73
1330,-73
1331,-73
1332,-73
1333,-72
1334,-72
1335,-72
1336,-73
1337,-73
1338,-72
1339,-73
1340,-73
1341,-73
1342,-72
1343,-71
1344,-73
1345,-72
1346,-73
1347,-73
1348,-72
1349,-71
1350,-72
1351,-71
1352,-72
1353,-71
1354,-72
1355,-73
1356,-71
1357,-73
1358,-73
1359,-73
1360,-72
1361,-74
1362,-74
1363,-74
1364,-74
1365,-73
1366,-72
1367,-73
1368,-73
1369,-72
1370,-73
1371,-73
1372,-72
1373,-72
1374,-73
1375,-72
1376,-73
1377,-71
1378,-73
1379,-73
1380,-73
1381,-73
1382,-74
1383,-72
1384,-72
1385,-72
1386,-73
1387,-71
1388,-73
1389,-73
1390,-72
1391,-71
1392,-72
1393,-73
1394,-73
1395,-73
1396,-72
1397,-73
1398,-73
1399,-72
1400,-72
1401,-73
1402,-74
1403,-72
1404,-73
1405,-73
1406,-73
1407,-74
1408,-72
1409,-71
1410,-74
1411,-74
1412,-73
1413,-72
1414,-71
1415,-71
1416,-72
1417,-73
1418,-73
1419,-72
1420,-73
1421,-73
1422,-73
1423,-74
1424,-72
1425,-73
1426,-73
1427,-74
1428,-74
1429,-72
1430,-71
1431,-71
1432,-74
1433,-73
1434,-73
1435,-73
1436,-71
1437,-72
1438,-74
1439,-73
1440,-73
1441,-73
1442,-71
1443,-73
1444,-73
1445,-74
1446,-73
1447,-73
1448,-73
1449,-72
1450,-71
1451,-72
1452,-71
1453,-74
1454,-72
1455,-73
1456,-71
1457,-74
1458,-74
1459,-74
1460,-74
1461,-73
1462,-73
1463,-73
1464,-72
1465,-73
1466,-73
1467,-74
1468,-74
1469,-73
1470,-72
1471,-73
1472,-73
1473,-72
1474,-72
1475,-73
1476,-71
1477,-74
1478,-73
1479,-74
1480,-73
1481,-72
1482,-74
1483,-73
1484,-74
1486,-73
1487,-73
1488,-73
1489,-72
1490,-74
1491,-74
1492,-74
1493,-72
1494,-74
1495,-74
1496,-74
1497,-74
1498,-74
1499,-74
1500,-72
1501,-74
1502,-74
1503,-73
1504,-73
1505,-78
1506,-74
1507,-72
1508,-74
1509,-74
1510,-72
1511,-72
1512,-74
1513,-73
1514,-74
1515,-75
1516,-75
1517,-74
1518,-72
1519,-72
1520,-74
1521,-73
1522,-72
1523,-72
1524,-74
1525,-74
1526,-74
1527,-75
1528,-74
1529,-72
1530,-72
1531,-74
1532,-73
1533,-73
1534,-74
1535,-74
1536,-74
1537,-74
1538,-72
1539,-74
1540,-74
1541,-75
1542,-75
1543,-74
1544,-74
1545,-72
1546,-74
1547,-72
1548,-72
1549,-73
1550,-75
1551,-75
1552,-75
1553,-74
1554,-73
1555,-72
1556,-72
1557,-74
1558,-74
1559,-74
1560,-75
1561,-75
1562,-75
1563,-74
1564,-75
1565,-75
1566,-75
1567,-74
1568,-75
1569,-74
1570,-74
1571,-74
1572,-75
1573,-75
1574,-76
1575,-76
1576,-76
1577,-75
1578,-75
1579,-75
1580,-76
1581,-76
1582,-77
1583,-76
1584,-76
1585,-76
1586,-76
1587,-75
1588,-74
1589,-77
1590,-77
1591,-74
1592,-75
1593,-76
1594,-75
1595,-76
1596,-76
1597,-75
1598,-73
1599,-73
1600,-73
1601,-76
1602,-75
1603,-75
1604,-74
1605,-75
1606,-76
1607,-76
1608,-75
1609,-75
1610,-75
1611,-75
1612,-76
1613,-75
1614,-76
1615,-75
1616,-77
1617,-75
1618,-81
1619,-76
1620,-77
1621,-76
1622,-76
1623,-75
1624,-76
1625,-74
1626,-76
1627,-76
1628,-78
1629,-76
1630,-76
1631,-75
1632,-77
1633,-76
1634,-75
1635,-76
1636,-76
1637,-76
1638,-75
1639,-75
1640,-75
1641,-74
1642,-74
1643,-74
1644,-76
1645,-77
1646,-77
1647,-76
1648,-76
1649,-76
1650,-76
1651,-73
1652,-80
1653,-77
1654,-75
1655,-74
1656,-75
1657,-76
1658,-75
1659,-77
1660,-75
1661,-82
1662,-77
1663,-74
1664,-75
1665,-76
1666,-77
1667,-75
1668,-76
1669,-77
1670,-78
1671,-78
1672,-77
1673,-77
1674,-76
1675,-76
1676,-74
1677,-74
1678,-73
1679,-76
1680,-74
1681,-76
1682,-74
1683,-76
1684,-76
1685,-75
1686,-77
1687,-78
1688,-78
1689,-76
1690,-74
1691,-76
1692,-78
1693,-78
1694,-77
1695,-75
1696,-74
1697,-74
1698,-76
1699,-78
1700,-75
1701,-78
1702,-78
1703,-74
1704,-74
1705,-73
1706,-74
1707,-78
1708,-76
1709,-75
1710,-75
1711,-74
1712,-77
1713,-79
1714,-74
1715,-74
1716,-74
1717,-78
1718,-76
1719,-77
1720,-77
1721,-74
1722,-76
1723,-77
1724,-77
1725,-78
1726,-78
1727,-76
1728,-78
1729,-78
1730,-77
1731,-76
1732,-75
1733,-74
1734,-74
1735,-75
1736,-75
1737,-84
1738,-78
1739,-79
1740,-75
1741,-75
1742,-78
1743,-74
1744,-75
1745,-82
1746,-80
1747,-79
1748,-78
1749,-75
1750,-83
1751,-76
1752,-79
1753,-78
1754,-76
1755,-74
1756,-75
1757,-91
1758,-79
1759,-79
1760,-79
1761,-79
1762,-79
1763,-79
1764,-79
1765,-79
1766,-79
1767,-79
1768,-79
1769,-79
1770,-79
1771,-79
1772,-79
1773,-79
1774,-79
1775,-79
1776,-79
1777,-79
1778,-79
1779,-79
1780,-79
1781,-79
1782,-79
1783,-79
1784,-79
1785,-95
1786,-74
1787,-80
1788,-76
1789,-77
1790,-77
1791,-76
1792,-76
1793,-77
1794,-77
1795,-77
1796,-76
1797,-75
1798,-74
1799,-74
1800,-74
1801,-74
1802,-80
1803,-77
1804,-79
1805,-76
1806,-79
1807,-79
1808,-76
1809,-76
1810,-76
1811,-77
1812,-77
1813,-77
1814,-79
1815,-81
1816,-77
1817,-75
1818,-75
1819,-76
1820,-76
1821,-75
1822,-80
1823,-79
1824,-79
1825,-79
1826,-77
1827,-80
1828,-78
1829,-83
1830,-74
1831,-75
1832,-76
1833,-74
1834,-79
1835,-78
1836,-79
1837,-78
1838,-79
1839,-79
1840,-74
1841,-80
1842,-77
1843,-81
1844,-77
1845,-77
1846,-79
1847,-74
1848,-77
1849,-77
1850,-77
1851,-78
1852,-79
1853,-79
1854,-78
1855,-77
1856,-78
1857,-77
1858,-80
1859,-77
1860,-77
1861,-76
1862,-75
1863,-77
1864,-79
1865,-80
1866,-77
1867,-76
1868,-79
1869,-76
1870,-76
1871,-79
1872,-80
1873,-80
1874,-78
1875,-77
1876,-78
1877,-78
1878,-78
1879,-74
1880,-74
1881,-75
1882,-79
1883,-80
1884,-77
1885,-78
1886,-78
1887,-79
1888,-79
1889,-75
1890,-78
1891,-79
1892,-76
1893,-76
1894,-76
1895,-74
1896,-79
1897,-78
1898,-77
1899,-76
1900,-75
1901,-76
1902,-74
1903,-77
1904,-79
1905,-78
1906,-77
1907,-77
1908,-80
1909,-79
1910,-79
1911,-77
1912,-82
1913,-77
1914,-80
1915,-76
1916,-76
1917,-79
1918,-77
1919,-77
1920,-80
1921,-77
1922,-76
1923,-76
1924,-76
1925,-75
1926,-81
1927,-85
1928,-77
1929,-75
1930,-78
1931,-79
1932,-76
1933,-84
1934,-77
1935,-77
1936,-80
1937,-77
1938,-77
1939,-79
1940,-76
1941,-75
1942,-80
1943,-76
1944,-75
1945,-74
1946,-77
1947,-79
1948,-77
1949,-78
1950,-78
1951,-80
1952,-77
1953,-77
1954,-74
1955,-76
1956,-85
1957,-78
1958,-76
1959,-78
1960,-76
1961,-77
1962,-77
1963,-79
1964,-77
1965,-77
1966,-81
1967,-79
1968,-79
1969,-78
1970,-75
1971,-78
1972,-80
1973,-79
1974,-76
1975,-81
1976,-76
1977,-79
1978,-79
1979,-77
1980,-78
1981,-73
1982,-75
1983,-77
1984,-78
1985,-78
1986,-75
1987,-76
1988,-76
1989,-79
1990,-82
1991,-79
1992,-79
1993,-76
1994,-76
1995,-73
1996,-75
1997,-81
1998,-74
1999,-76
2000,-76
2001,-76
2002,-76
2003,-75
2004,-75
2005,-73
2006,-75
2007,-76
2008,-76
2009,-76
2010,-75
2011,-75
2012,-76
2013,-76
2014,-76
2015,-76
2016,-75
2017,-76
2018,-78
2019,-77
2020,-76
2021,-76
2022,-73
2023,-78
2024,-76
2025,-75
2026,-74
2027,-73
2028,-76
2029,-76
2030,-74
2031,-76
2032,-74
2033,-75
2034,-76
2035,-78
2036,-78
2037,-77
2038,-76
2039,-78
2040,-75
2041,-73
2043,-76
2044,-78
2045,-78
2046,-76
2047,-82
2048,-76
2049,-76
2050,-75
2051,-73
2052,-74
2053,-76
2054,-77
2055,-74
2056,-74
2057,-74
2058,-75
2059,-78
2060,-78
2061,-76
2062,-75
2063,-77
2064,-76
2065,-76
2066,-76
2067,-76
2068,-76
2069,-76
2070,-75
2071,-74
2072,-77
2073,-79
2074,-76
2075,-78
2076,-76
2077,-77
2078,-75
2079,-75
2080,-75
2081,-78
2082,-78
2083,-76
2084,-75
2085,-76
2086,-78
2087,-78
2088,-73
2089,-76
2090,-76
2091,-75
2092,-75
2093,-78
2094,-76
2095,-83
2096,-79
2097,-77
2098,-76
2099,-77
2100,-75
2101,-76
2102,-74
2103,-75
2104,-74
2105,-74
2106,-78
2107,-76
2108,-73
2109,-78
2110,-76
2111,-74
2112,-76
2113,-78
2114,-76
2115,-76
2116,-78
2117,-74
2118,-76
2119,-79
2120,-75
2121,-75
2122,-76
2123,-73
2124,-75
2125,-75
2126,-78
2127,-75
2128,-73
2129,-74
2130,-75
2131,-74
2132,-74
2133,-74
2134,-75
2135,-75
2136,-76
2137,-73
2138,-75
2139,-77
2140,-76
2141,-76
2142,-76
2143,-76
2144,-74
2145,-73
2146,-76
2147,-75
2148,-73
2149,-77
2150,-76
2151,-72
2152,-75
2153,-81
2154,-75
2155,-76
2156,-75
2157,-75
2158,-75
2159,-72
2160,-73
2161,-76
2162,-75
2163,-73
2164,-74
2165,-74
2166,-75
2167,-77
2168,-75
2169,-74
2170,-75
2171,-78
2172,-76
2173,-77
2174,-78
2175,-76
2176,-76
2177,-76
2178,-76
2179,-76
2180,-77
2181,-79
2182,-74
2183,-74
2184,-75
2185,-75
2186,-75
2187,-76
2188,-77
2189,-76
2190,-74
2191,-76
2192,-74
2193,-74
2194,-76
2195,-76
2196,-74
2197,-74
2198,-72
2199,-75
2200,-77
2201,-77
2202,-76
2203,-77
2204,-76
2205,-75
2206,-75
2207,-73
2208,-75
2209,-76
2210,-76
2211,-73
2212,-76
2213,-73
2214,-72
2215,-76
2216,-76
2217,-74
2218,-75
2219,-76
2220,-76
2221,-77
2222,-74
2223,-73
2224,-76
2225,-76
2226,-76
2227,-76
2228,-76
2229,-78
2230,-77
2231,-74
2232,-74
2233,-77
2234,-76
2235,-77
2236,-78
2237,-76
2238,-75
2239,-75
2240,-76
2241,-77
2242,-75
2243,-80
2244,-73
2245,-75
2246,-74
2247,-74
2248,-74
2249,-76
2250,-76
2251,-76
2252,-76
2253,-75
2254,-75
2255,-75
2256,-74
2257,-74
2258,-75
2259,-76
2260,-75
2261,-72
2262,-74
2263,-73
2264,-74
2265,-75
2266,-75
2267,-75
2268,-73
2269,-74
2270,-74
2271,-74
2272,-73
2273,-75
2274,-75
2275,-75
2276,-75
2277,-76
2278,-76
2279,-76
2280,-76
2281,-74
2282,-76
2283,-76
2284,-76
2285,-75
2286,-75
2287,-76
2288,-75
2289,-72
2290,-75
2291,-73
2292,-73
2293,-74
2294,-74
2295,-74
2296,-74
2297,-74
2298,-75
2299,-76
2300,-74
2301,-74
2302,-72
2303,-73
2304,-73
2305,-75
2306,-73
2307,-75
2308,-74
2309,-75
2310,-74
2311,-74
2312,-74
2313,-74
2314,-72
2315,-72
2316,-72
2317,-72
2318,-73
2319,-73
2320,-74
2321,-76
2322,-73
2323,-75
2324,-75
2325,-74
2326,-75
2327,-75
2328,-74
2329,-73
2330,-74
2331,-75
2332,-74
2333,-72
2334,-74
2335,-74
2336,-74
2337,-75
2338,-75
2339,-75
2340,-74
2341,-74
2342,-74
2343,-75
2344,-74
2345,-74
2346,-72
2347,-75
2348,-75
2349,-74
2350,-75
2351,-74
2352,-73
2353,-75
2354,-74
2355,-73
2356,-75
2357,-75
2358,-75
2359,-75
2360,-74
2361,-74
2362,-72
2363,-72
2364,-76
2365,-75
2366,-75
2367,-75
2368,-75
2369,-75
2370,-73
2371,-73
2372,-74
2373,-74
2374,-73
2375,-76
2376,-75
2377,-75
2378,-74
2379,-74
2380,-74
2381,-73
2382,-75
2383,-75
2384,-75
2385,-72
2386,-74
2387,-74
2388,-75
2389,-75
2390,-73
2391,-73
2392,-75
2393,-75
2394,-75
2395,-75
2396,-72
2397,-74
2398,-74
2399,-75
2400,-75
2401,-74
2402,-74
2403,-72
2404,-75
2405,-73
2406,-72
2407,-73
2408,-74
2409,-72
2410,-74
2411,-76
2412,-74
2413,-73
2414,-72
2415,-72
2416,-75
2417,-74
2418,-74
2419,-71
2420,-73
2421,-75
2422,-74
2423,-75
2424,-75
2425,-74
2426,-74
2427,-72
2428,-74
2429,-74
2430,-75
2431,-74
2432,-72
2433,-75
2434,-73
2435,-73
2436,-73
2437,-75
2438,-75
2439,-74
2440,-73
2441,-72
2442,-74
2443,-74
2444,-74
2445,-74
2446,-75
2447,-76
2448,-72
2449,-73
2450,-73
2451,-74
2452,-74
2453,-72
2454,-75
2455,-74
2456,-73
2457,-72
2458,-72
2459,-75
2460,-75
2461,-74
2462,-75
2463,-73
2464,-72
2465,-73
2466,-74
2467,-74
2468,-73
2469,-74
2470,-76
2471,-75
2472,-75
2473,-73
2474,-74
2475,-74
2476,-73
2477,-74
2478,-71
2479,-70
2480,-73
2481,-72
2482,-72
2483,-71
2484,-72
2485,-74
2486,-75
2487,-74
2488,-72
2489,-74
2490,-71
2491,-73
2492,-72
2493,-72
2494,-72
2495,-72
2496,-74
2497,-75
2498,-72
2499,-75
2500,-75
2501,-75
2502,-75
2503,-73
2504,-73
2505,-74
2506,-73
2507,-75
2508,-75
2509,-72
2510,-71
2511,-73
2512,-72
2513,-73
2514,-73
2515,-73
2516,-74
2517,-74
2518,-72
2519,-75
2520,-74
2521,-72
2522,-72
2523,-71
2524,-70
2525,-70
2526,-73
2527,-74
2528,-72
2529,-73
2530,-73
2531,-74
2532,-73
2533,-75
2534,-75
2535,-72
2536,-70
2537,-72
2538,-73
2539,-73
2540,-74
2541,-74
2542,-75
2543,-75
2544,-75
2545,-75
2546,-72
2547,-72
2548,-72
2549,-74
2550,-74
2551,-72
2552,-73
2553,-72
2554,-73
2555,-74
2556,-74
2557,-75
2558,-73
2559,-74
2560,-72
2561,-70
2562,-75
2563,-74
2564,-70
