x,y
0,163.319642499232
1.00099992752075,163.314540681843
2.0019998550415,163.368216618949
3.00499987602234,163.372347031657
4.00599980354309,163.372797763429
5.00699973106384,163.369996232326
6.00699973106384,163.267567437042
7.0090000629425,163.349149887852
8.0090000629425,163.406128600876
9.0090000629425,163.563006571394
10.0120000839233,163.434202196185
11.0120000839233,163.350781847717
12.0160000324249,163.350552596212
13.0199999809265,163.328839758761
14.021999835968,163.329438144045
15.029000043869,163.342878499225
16.0299999713898,163.432166131972
17.0360000133514,163.365562741358
18.0369999408722,163.366864423632
19.0379998683929,163.35394862698
20.0389997959137,163.350844017617
21.0480000972748,163.386887016936
22.0480000972748,163.406175228301
23.0680000782013,163.445983392168
24.069000005722,163.415873732646
25.0699999332428,163.409641200206
26.0759999752045,163.239322874509
27.0759999752045,163.320913096556
28.0759999752045,163.31961918552
29.0769999027252,163.358937761427
30.0769999027252,163.410200729303
31.077999830246,163.366316551391
32.077999830246,163.401166665761
33.0789997577667,163.45355257745
34.0889999866486,163.420419906557
35.0889999866486,163.430468116588
36.0889999866486,163.391833409577
37.0899999141693,163.31745101027
38.0920000076294,163.300435885861
39.1040000915527,163.379554854397
40.1059999465942,163.489315812221
41.1059999465942,163.43962263431
42.1080000400543,163.330087042373
43.1089999675751,163.363604389519
44.1089999675751,163.29998126847
45.1099998950958,163.272471087877
46.1139998435974,163.291343538038
47.1150000095367,163.432313785483
48.1159999370575,163.402724798871
49.1159999370575,163.518644462378
50.1200001239777,163.410927340005
51.1210000514984,163.312061657094
52.1210000514984,163.216393838397
53.1210000514984,163.031119766216
54.1219999790192,163.001534665222
55.1230001449585,162.976464653191
56.1240000724792,162.895927433819
57.1240000724792,162.749457093064
58.125,162.611389402808
59.125,162.497989563046
60.125,162.343435192527
61.1259999275208,162.305000594881
62.1280000209808,162.190211646424
63.1289999485016,162.099911809998
64.1289999485016,161.947844235466
65.1310000419617,161.784401512108
66.1319999694824,161.708975824173
67.1319999694824,161.56249771218
68.1319999694824,161.387219394177
69.1470000743866,161.26375580191
70.1529998779297,161.142845061147
71.1550002098083,161.033872883925
72.1560001373291,160.886532164575
73.1570000648499,160.674319097754
74.1570000648499,160.686312059958
75.1579999923706,160.571342430229
76.1579999923706,160.459180160032
77.1589999198914,160.36107994401
78.1600000858307,160.263512057754
79.1630001068115,160.070694056814
80.1659998893738,159.913954025761
81.1659998893738,159.858236196014
82.1669998168945,159.664915007448
83.1679999828339,159.602274947937
84.1679999828339,159.478475249649
85.1679999828339,159.322176236322
86.1699998378754,159.306264627632
87.1689999103546,159.179923734697
88.1689999103546,159.025507303643
89.1689999103546,158.891989672918
90.1699998378754,158.838809152199
91.1699998378754,158.804435026123
92.1729998588562,158.627392637218
93.1740000247955,158.465236053659
94.1740000247955,158.334863831293
95.1749999523163,158.154977169479
96.1749999523163,157.988969937761
97.1749999523163,157.954329646802
98.1760001182556,157.901407519729
99.1800000667572,157.794222727122
100.180999994278,157.732361734165
101.181999921799,157.598206861968
102.181999921799,157.460751156662
103.18700003624,157.3527872975
104.18799996376,157.240304463757
105.195000171661,157.061334807963
106.196000099182,156.937709962518
107.197999954224,156.818773116069
108.198999881744,156.71770040172
109.200000047684,156.604891176005
110.200999975204,156.432715524556
111.201999902725,156.364921191802
112.204999923706,156.195337248045
113.21799993515,156.040149521674
114.22000002861,155.846193034446
115.226999998093,155.671495616443
116.225999832153,155.667928618451
117.225999832153,155.617850764287
118.227999925613,155.532200070669
119.229000091553,155.351639254006
120.230000019073,155.248157456046
121.230999946594,155.254844605877
122.230999946594,155.060555898248
123.230999946594,154.891475142116
124.233000040054,154.667148658911
125.236000061035,154.5897568479
126.236999988556,154.471280447269
127.237999916077,154.332322950325
128.237999916077,154.18511822763
129.243999958038,154.056754870147
130.243999958038,153.910525437753
131.244999885559,153.791617733444
132.24599981308,153.631073681657
133.24599981308,153.4953917613
134.249000072479,153.375543737259
135.249000072479,153.230983178109
136.249000072479,153.156964084153
137.249000072479,153.053144237364
138.253000020981,152.987329627352
139.256000041962,152.869333100635
140.256999969482,152.734350591649
141.257999897003,152.571999727153
142.257999897003,152.472685255279
143.259000062943,152.342944445957
144.264999866486,152.155640137991
145.265999794006,152.057038677154
146.267000198364,151.910173946098
147.268000125885,151.785053137443
148.269000053406,151.655026735145
149.269999980927,151.564004173636
150.276999950409,151.442298823843
151.27799987793,151.261875946644
152.27999997139,151.118463587828
153.27999997139,150.968167855435
154.281999826431,150.91790932
155.281999826431,150.8133609197
156.28400015831,150.646355083969
157.289999961853,150.566181169948
158.289999961853,150.481896271313
159.289999961853,150.417841846585
160.291000127792,150.246711426574
161.292000055313,150.077873521612
162.296000003815,150.014800215613
163.296999931335,150.030634111929
164.299000024796,149.799414541101
165.299000024796,149.667008197332
166.299999952316,149.677720848164
167.299999952316,149.663142006697
168.300999879837,149.49566406829
169.301999807358,149.253638591781
170.301999807358,149.068966790503
171.31500005722,148.978670839697
172.316999912262,148.793954353804
173.316999912262,148.617941653861
174.316999912262,148.5179452559
175.317999839783,148.444176784352
176.320999860764,148.341856786393
177.325000047684,148.220157265028
178.325999975204,148.09816049383
179.326999902725,147.987416474468
180.328000068665,147.899337269146
181.329999923706,147.773382995274
182.329999923706,147.684598550152
183.331000089645,147.56084353648
184.332000017166,147.432643374983
185.334999799728,147.335980837891
186.336999893188,147.232160991102
187.336999893188,147.104728239304
188.337999820709,146.969462080151
189.34299993515,146.839095686214
190.342000007629,146.695226767197
191.342000007629,146.550067822763
192.34299993515,146.417492454579
193.34299993515,146.313859117489
194.34299993515,146.255442725535
195.344000101089,146.145240749985
196.34700012207,145.9476414952
197.348000049591,145.831313841727
198.348000049591,145.73063357487
199.351999998093,145.634903586272
200.352999925613,145.550879024092
201.352999925613,145.329390985369
202.352999925613,145.19914893123
203.352999925613,145.113913998817
204.353999853134,144.998489751697
205.356999874115,144.884378843708
206.356999874115,144.712405244433
207.357999801636,144.535121947166
208.357999801636,144.410416899715
209.358999729156,144.335014525492
210.358999729156,144.225947150611
211.360000133514,144.110081885766
212.361000061035,144.003732501186
213.361999988556,143.919105668103
214.363000154495,143.771728035375
215.363000154495,143.650646327388
216.364000082016,143.552781191299
217.364000082016,143.402314491683
218.365000009537,143.253417582032
219.365999937057,143.141673015848
220.368000030518,142.983940209211
221.37299990654,142.844992426313
222.374999761581,142.824054769798
223.381000041962,142.708640236725
224.381000041962,142.513077046153
225.384999990463,142.36971714319
226.385999917984,142.218968736216
227.385999917984,142.173003809475
228.387000083923,142.043200830253
229.387000083923,142.042147827578
230.388000011444,141.852906538677
231.388999938965,141.682257935388
232.390999794006,141.593599772875
233.395000219345,141.549872962521
234.396000146866,141.336272729815
235.396000146866,141.190066611134
236.403000116348,141.116976180054
237.411000013351,140.966637705855
238.413999795914,140.800030146043
239.416000127792,140.718910083862
240.416000127792,140.651574254119
241.416000127792,140.516578145467
242.416000127792,140.393252492664
243.417000055313,140.228307977668
244.421999931335,140.109134108476
245.424999952316,139.933838305189
246.424999952316,139.84412908281
247.424999952316,139.753613594545
248.427999973297,139.684333012628
249.427999973297,139.621387932047
250.427999973297,139.443663617054
251.429999828339,139.344022753207
252.430999755859,139.227298766623
253.433000087738,139.060623208484
254.43799996376,138.872840969415
255.43799996376,138.763198522962
256.446999788284,138.690356771481
257.447999954224,138.56271808189
258.448999881744,138.409855898328
259.449999809265,138.292582096694
260.452000141144,138.159870731854
261.452000141144,138.052167209147
262.453000068665,137.902755455015
263.453999996185,137.809630773775
264.454999923706,137.727583991527
265.457999944687,137.609117304944
266.463999986649,137.454133573556
267.463999986649,137.346451421752
268.464999914169,137.179513584348
269.464999914169,137.139627708107
270.46599984169,137.050643153621
271.46599984169,136.982506886419
272.46599984169,136.768080959733
273.467000007629,136.690858173136
274.47000002861,136.575099762806
275.470999956131,136.36161998428
276.473999977112,136.225636928472
277.473999977112,136.201447009082
278.476000070572,136.111277340884
279.478999853134,136.023957774023
280.480000019073,135.843839917894
281.480999946594,135.712954793857
282.483999967575,135.631209147061
283.484999895096,135.472178543768
284.489000082016,135.306192682953
285.489000082016,135.20705694954
286.491000175476,135.164348171293
287.493000030518,134.993779223188
288.493999958038,134.839883465044
289.494999885559,134.710878980471
290.494999885559,134.597653993552
291.496000051498,134.478484009978
292.496000051498,134.153417032827
293.503999948502,134.128080855912
294.504999876022,134.023862733204
295.504999876022,133.952307121521
296.505999803543,133.944374630888
297.505999803543,133.812389876751
298.505999803543,133.671479856395
299.507000207901,133.547101200918
300.508000135422,133.357090559508
301.510999917984,133.245445076601
302.516000032425,133.103138176313
303.516000032425,132.984176073342
304.516999959946,132.82324928811
305.516999959946,132.68241698013
306.516999959946,132.581245182504
307.523999929428,132.533020768473
308.523999929428,132.302937741123
309.524999856949,132.122450751215
310.524999856949,131.889270885739
311.526000022888,131.792825943296
312.526999950409,131.728079878434
313.526999950409,131.671355673436
314.528000116348,131.557534244042
315.528000116348,131.383662520018
316.529000043869,131.303587689275
317.536000013351,131.058783995375
318.536999940872,130.973657860286
319.537999868393,130.843788825545
320.539000034332,130.912789642914
321.539000034332,130.65972123798
322.541999816895,130.378647236065
323.544000148773,130.282169265862
324.545000076294,130.16556379065
325.546000003815,129.986077347564
326.546000003815,129.888944650606
327.549000024796,129.831862968685
328.549999952316,129.67732802626
329.553999900818,129.514301064106
330.555000066757,129.344730720014
331.555999994278,129.180104825754
332.555999994278,129.134814053862
333.556999921799,128.956918771646
334.557999849319,128.87529357903
335.557999849319,128.755295958668
336.55999994278,128.556124971108
337.5640001297,128.40874539557
338.56500005722,128.248230485924
339.56500005722,128.22573275349
340.56500005722,128.108816428779
341.566999912262,127.928801541546
342.566999912262,127.812466116835
343.568000078201,127.768321602468
344.569000005722,127.583335066074
345.569000005722,127.454734685848
346.569999933243,127.319930915324
347.572999954224,127.199352394962
348.574999809265,127.159097384941
349.575999975204,127.125401299334
350.575999975204,126.910718921812
351.576999902725,126.859978569654
352.575999975204,126.725314681404
353.577999830246,126.608462469402
354.582999944687,126.514570378463
355.582999944687,126.45850090022
356.584000110626,126.196664596626
357.584000110626,126.066519682957
358.584000110626,126.034311789322
359.584000110626,125.956611071621
360.585000038147,125.70723011886
361.585000038147,125.438741636004
362.585999965668,125.296891295917
363.587000131607,125.180188680236
364.587000131607,125.017377369921
365.588000059128,124.940086584996
366.588999986649,124.795232661632
367.588999986649,124.674123754314
368.589999914169,124.591165794475
369.589999914169,124.456909896191
370.592000007629,124.372036326319
371.612999916077,124.230972824024
372.614999771118,124.070626938792
373.614999771118,123.948907989333
374.615999937057,123.861586479662
375.615999937057,123.813820568641
376.616999864578,123.695633646606
377.616999864578,123.536272765722
378.617999792099,123.398216732322
379.619000196457,123.25848794006
380.625999927521,123.162623897616
381.628000020981,122.971641851525
382.628999948502,122.833354623811
383.630999803543,122.723655835886
384.632999897003,122.621137671371
385.632999897003,122.452738841326
386.633999824524,122.231701534375
387.634999990463,122.15508296149
388.638000011444,122.037216603
389.638999938965,121.956665783963
390.638999938965,121.852616685669
391.645999908447,121.65356420948
392.646999835968,121.518694383437
393.648999929428,121.3684103079
394.648000001907,121.292798110266
395.648999929428,121.170387520674
396.648999929428,121.144291705298
397.648999929428,120.996109749494
398.649999856949,120.900546842501
399.664999961853,120.749437072985
400.664999961853,120.559028155656
401.664999961853,120.455264650339
402.665999889374,120.351388462078
403.668999910355,120.176436536048
404.669999837875,119.991622909687
405.672999858856,119.969764361534
406.674000024796,119.773311364274
407.675000190735,119.690232950254
408.676000118256,119.554376177054
409.677000045776,119.419947368737
410.677000045776,119.309185864091
411.677999973297,119.150567136383
412.677999973297,119.021766646793
413.684000015259,118.908543602683
414.684000015259,118.771019899049
415.684000015259,118.672325183362
416.684000015259,118.480562127906
417.68499994278,118.314236275452
418.686999797821,118.284637574793
419.68799996376,118.181594851749
420.68799996376,118.081108865829
421.688999891281,117.914054459863
422.694000005722,117.776357846196
423.694999933243,117.705320964614
424.697999954224,117.54507221985
425.697999954224,117.360417903857
426.700000047684,117.176919559435
427.702999830246,117.159117597233
428.702999830246,117.093996570164
429.702999830246,116.882302233444
430.703999996185,116.826125900687
431.703999996185,116.66200513686
432.704999923706,116.414895328245
433.705999851227,116.250533656058
434.707999944687,116.217000766437
435.712000131607,116.208978906573
436.713000059128,116.076897011968
437.715000152588,116.060445302274
438.716000080109,115.915845886937
439.716000080109,115.800730546506
440.720999956131,115.595371711121
441.721999883652,115.522642642583
442.721999883652,115.350556360365
443.748000144958,115.213133682818
444.749000072479,115.077587759116
445.75,114.971650250121
446.753999948502,114.873134272896
447.755000114441,114.741246659226
448.755000114441,114.675101771622
449.760999917984,114.530756864312
450.761999845505,114.390406373053
451.763999938965,114.184132474458
452.764999866486,114.036109829021
453.765999794006,113.961327210986
454.768000125885,113.857614218712
455.768000125885,113.706391766253
456.769000053406,113.554988632523
457.771000146866,113.389733268028
458.772000074387,113.247914012891
459.773000001907,113.138613500886
460.773999929428,113.053126003255
461.774999856949,112.936095052792
462.780999898911,112.78988893411
463.787000179291,112.581781023476
464.789000034332,112.44759312352
465.789000034332,112.391218624207
466.790999889374,112.182325818589
467.792000055313,111.944714404954
468.792999982834,111.834259864188
469.793999910355,111.76736310936
470.795000076294,111.728769201346
471.796000003815,111.534915683015
472.805999994278,111.355199988424
473.806999921799,111.242077970401
474.808000087738,111.090332902223
475.809000015259,110.932460213311
476.80999994278,110.776530333764
477.816999912262,110.629718058561
478.816999912262,110.625787755218
479.817999839783,110.502856492716
480.817999839783,110.316434220201
481.825999975204,110.205087929937
482.827000141144,110.09228064703
483.828000068665,109.948753662462
484.828999996185,109.820528244443
485.832000017166,109.673995733789
486.832000017166,109.503170334848
487.833999872208,109.396550899766
488.835000038147,109.250199070382
489.835999965668,109.161336912886
490.837999820709,109.063491204891
491.840000152588,108.992238671469
492.843000173569,108.770000708331
493.844000101089,108.622403538145
494.844000101089,108.490529524141
495.845999956131,108.406963464971
496.846999883652,108.319080483395
497.848999977112,108.266766455653
498.856999874115,108.049086323282
499.857999801636,107.896299909285
500.859000205994,107.778241212668
501.859000205994,107.7858414829
502.861000061035,107.644350562545
503.861999988556,107.379668043233
504.868999958038,107.190316014198
505.868000030518,107.033572097526
506.868999958038,106.858800852767
507.87700009346,106.798428051784
508.878000020981,106.688950744127
509.878999948502,106.588795035799
510.880000114441,106.448873905409
511.881000041962,106.339179003104
512.883000135422,106.277364637572
513.884000062943,106.117848331939
514.885999917984,105.978030170446
515.885999917984,105.830087180193
516.886999845505,105.719430587253
517.886999845505,105.566381893992
518.892999887466,105.404409877322
519.894999742508,105.27167519877
520.896000146866,105.104179775079
521.897000074387,104.926875106909
522.908999919891,104.818312862463
523.909999847412,104.733546147106
524.909999847412,104.632844509346
525.915000200272,104.441238821449
526.921000003815,104.338986821817
527.93799996376,104.211707551959
528.9390001297,104.07813746538
529.93799996376,103.947646731643
530.9390001297,103.897390139018
531.942999839783,103.734087297934
532.944000005722,103.587300279253
533.944999933243,103.520455980278
534.944999933243,103.222213372014
535.945999860764,103.081138212863
536.947000026703,102.994030412222
537.947000026703,102.785706849748
538.947999954224,102.659468925709
539.947999954224,102.614708540774
540.948999881744,102.481464846169
541.949999809265,102.345491504407
542.952000141144,102.215146481372
543.956000089645,102.066490480083
544.957000017166,101.92853547277
545.960000038147,101.782782028671
546.960000038147,101.698825464818
547.963000059128,101.536064667547
548.963999986649,101.373165930811
549.964999914169,101.25884519941
550.96599984169,101.174834236896
551.966999769211,101.022789976076
552.97000002861,100.837988006571
553.97000002861,100.656834633051
554.97000002861,100.580398684247
555.97000002861,100.538958560515
556.97200012207,100.438342406367
557.974999904633,100.308832791359
558.976000070572,100.148117772348
559.976999998093,100.01106422858
560.977999925613,99.8799848236058
561.983999967575,99.7374661570971
562.982999801636,99.5845981451068
563.982999801636,99.476272923403
564.984999895096,99.3805196210931
565.996999979019,99.1626976636391
567.001999855042,99.1047009185075
568.005999803543,98.9441238389612
569.006999731064,98.8369001901668
570.006999731064,98.8159197918459
571.009000062943,98.69721608252
572.012000083923,98.6550629477512
573.012000083923,98.5043708822485
574.013000011444,98.3004574970307
575.013999938965,98.1537326482492
576.014999866486,98.063065620854
577.016000032425,98.0198983395972
578.016999959946,97.909195119232
579.016999959946,97.7134998176236
580.016999959946,97.6004438551186
581.017999887466,97.4657935665338
582.023999929428,97.3977874675593
583.036999940872,97.2531822237938
584.043000221252,97.0320166914244
585.044000148773,96.96532393158
586.046999931335,96.8431697928238
587.049999952316,96.7298165804862
588.052999973297,96.6986383758141
589.055999994278,96.6091584049403
590.057999849319,96.5102927220294
591.061999797821,96.3331959344618
592.06299996376,96.160705547896
593.06299996376,96.0898959750094
594.06500005722,95.9267699295776
595.069999933243,95.7555073985298
596.070999860764,95.554679194582
597.075000047684,95.4624151778897
598.075000047684,95.355836541804
599.075000047684,95.136957696056
600.085000038147,94.9971337061351
601.095999956131,94.8349712941478
602.096999883652,94.7966105232573
603.097999811172,94.7372227266212
604.097999811172,94.5693037704887
605.09900021553,94.4048022160273
606.110999822617,94.2246824170894
607.113999843597,94.2186325087302
608.113999843597,94.0197412857181
609.115000009537,93.9489861114937
610.115999937057,93.7661949496804
611.126999855042,93.5809441912124
612.128999948502,93.3757096956272
613.129999876022,93.2642623792756
614.131000041962,93.1902529993666
615.131999969482,93.0248344388855
616.133999824524,92.877880338599
617.133999824524,92.7267006279459
618.134999752045,92.6809824379943
619.139000177383,92.5223870239992
620.141999959946,92.4003494538049
621.142999887466,92.2504636541883
622.142999887466,92.1368675906802
623.144000053406,92.0087237706551
624.145999908447,91.8529745723781
625.145999908447,91.7093349048664
626.145999908447,91.544977118298
627.145999908447,91.3593552832415
628.147000074387,91.2606722244108
629.148000001907,91.088688911089
630.148000001907,90.9772687940684
631.148000001907,90.8666199723654
632.149999856949,90.8153434048236
633.148999929428,90.7008109072021
634.15399980545,90.5757872390155
635.156000137329,90.3099623477978
636.15700006485,90.2020218023481
637.157999992371,90.0424316699587
638.157999992371,89.9087663857213
639.158999919891,89.8393925489547
640.160000085831,89.9058210867257
641.161000013351,89.7183050125393
642.164999961853,89.5496885878452
643.165999889374,89.3439606186815
644.165999889374,89.1359867618932
645.166999816895,88.9876532669583
646.174999952316,88.9125073435714
647.174999952316,88.7511473118515
648.177999973297,88.6308019286132
649.184000015259,88.5274211567405
650.180999994278,88.3891242149796
651.181999921799,88.2288774130252
652.184000015259,88.097487158553
653.1859998703,87.9804095806648
654.18700003624,87.8797953693263
655.18700003624,87.7671260258848
656.18799996376,87.5433066159244
657.188999891281,87.3832696373813
658.188999891281,87.2589317809001
659.189999818802,87.1211632832862
660.192000150681,87.0021176395123
661.194000005722,86.8821608181468
662.200999975204,86.6689413760759
663.201999902725,86.501762630311
664.203999996185,86.3280599307021
665.208999872208,86.242838597954
666.209999799728,86.2710365330618
667.209999799728,86.1985775150253
668.211000204086,85.9430300853428
669.212000131607,85.7934357071307
670.214999914169,85.5839581158947
671.214999914169,85.3712748892082
672.216000080109,85.3830269430505
673.217000007629,85.2749931427513
674.217000007629,85.1896804979631
675.219000101089,84.946825441855
676.219000101089,84.7303615081464
677.222999811172,84.6431429673721
678.223999977112,84.5838892245821
679.224999904633,84.3380364136255
680.226999998093,84.2521234407438
681.227999925613,84.1472836190389
682.237999916077,84.0328599187418
683.238999843597,83.8755487017362
684.240000009537,83.7758786957487
685.246999740601,83.6855710880858
686.248000144958,83.549329638632
687.253999948502,83.467589820264
688.254999876022,83.3155999581062
689.256000041962,83.1102508367685
690.262999773026,82.9447526211034
691.262999773026,82.9481603087277
692.261999845505,82.7948473933931
693.262999773026,82.7362619770243
694.262999773026,82.6022256161984
695.263999938965,82.4649272784506
696.263999938965,82.2931654453963
697.263999938965,82.2102735410755
698.263999938965,82.126006127725
699.264999866486,82.0372100257473
700.265999794006,81.9141447093995
701.267000198364,81.7489767713263
702.267000198364,81.6657507037949
703.268000125885,81.4500182378118
704.268000125885,81.3531245064052
705.270999908447,81.1122229451126
706.272000074387,80.9675846735879
707.273000001907,80.8866540353199
708.273000001907,80.7500725942274
709.273999929428,80.6586993556284
710.275000095367,80.5832930957868
711.275000095367,80.5977145696951
712.276000022888,80.5127788299235
713.276999950409,80.3479819684388
714.276999950409,80.1429058118167
715.27799987793,80.0061582605236
716.27899980545,79.9165811491816
717.27999997139,79.8262249712846
718.280999898911,79.6703057771883
719.28400015831,79.562415744782
720.286000013351,79.4044847715894
721.286000013351,79.2636670346788
722.286999940872,79.186108142062
723.294999837875,79.010963877905
724.294999837875,79.0540311044796
725.296000003815,78.9616058346101
726.296999931335,78.7050413442256
727.299000024796,78.498897613858
728.31200003624,78.3508341694247
729.313999891281,78.1742561119572
730.313999891281,78.0535270238695
731.31500005722,77.9579738309241
732.315999984741,77.7918956866639
733.315999984741,77.6735067124551
734.316999912262,77.5396442330673
735.316999912262,77.342006122095
736.316999912262,77.1156814594598
737.318999767303,76.9485813974741
738.320999860764,76.8556917961666
739.320999860764,76.7162340258108
740.322000026703,76.6669430094389
741.323000192642,76.5215159573124
742.325999975204,76.389598230098
743.325999975204,76.2842047077243
744.326999902725,76.2269122309871
745.328000068665,76.0557322693373
746.328999996185,75.7545608759573
747.328999996185,75.6669304595979
748.331000089645,75.5597495526094
749.332000017166,75.4554838310716
750.332999944687,75.2909531344697
751.333999872208,75.0963632913894
752.334999799728,75.0206636673338
753.334999799728,74.9497588967884
754.334999799728,74.7126263856617
755.335999965668,74.5320568263561
756.336999893188,74.4538383499602
757.337999820709,74.357472091296
758.338999986649,74.1810834577415
759.340000152588,73.9748649292134
760.34500002861,73.8604645426286
761.345999956131,73.6849268595755
762.345999956131,73.5993869060917
763.34700012207,73.503370353113
764.348999977112,73.4250440507974
765.349999904633,73.1895765272957
766.351999998093,73.055274001587
767.351999998093,72.8431386471411
768.363000154495,72.6781805324792
769.364000082016,72.5434156181419
770.364000082016,72.4060891096583
771.365000009537,72.3436462452974
772.365000009537,72.2664749431486
773.365999937057,72.1798198170899
774.369999885559,72.0035263811942
775.37299990654,71.837680402653
776.371000051498,71.6209036766368
777.371999979019,71.4262536064662
778.37299990654,71.1937129252711
779.37299990654,71.148109361072
780.37299990654,71.0168104186399
781.373999834061,70.8759188549735
782.37700009346,70.8462890693644
783.378000020981,70.6643313727682
784.37900018692,70.5138190171317
785.37900018692,70.3961935670029
786.37900018692,70.3197508183656
787.380000114441,70.192805711718
788.381000041962,70.0499975666141
789.381999969482,69.9566222629657
790.382999897003,69.809063948967
791.389999866486,69.6086136214404
792.388999938965,69.5025673151205
793.389999866486,69.4086616245156
794.390999794006,69.2662090135253
795.392999887466,69.1758606068658
796.392999887466,69.0421603520599
797.396000146866,68.8122618915998
798.397000074387,68.6817060737494
799.398000001907,68.5216409244705
800.401999950409,68.3726420173285
801.403000116348,68.2335601805846
802.404000043869,68.0428598418508
803.405999898911,67.8638396730129
804.406999826431,67.7820143710329
805.407999992371,67.6320518304464
806.407999992371,67.4630293585951
807.407999992371,67.2879336646723
808.408999919891,67.199438698146
809.409999847412,67.1011976284456
810.411999940872,66.943541562778
811.411999940872,66.7491790283932
812.412999868393,66.5787538481813
813.413999795914,66.4943047821553
814.414999961853,66.4588834818324
815.414999961853,66.3389616310354
816.416000127792,66.1020748852933
817.428999900818,66.0791050501837
818.428999900818,65.9145656109397
819.428999900818,65.7101179531469
820.429999828339,65.5384474321326
821.430999755859,65.426450300731
822.435000181198,65.2540123700181
823.436000108719,65.1519274519912
824.43700003624,65.0391512540346
825.43799996376,64.8986793371908
826.43799996376,64.7738412072984
827.44000005722,64.6633351820837
828.44000005722,64.4978350236092
829.441999912262,64.339316350584
830.443000078201,64.2288287820582
831.460000038147,64.0761764219073
832.463999986649,63.919258623798
833.462999820709,63.8641770641169
834.463999986649,63.6046837886163
835.464999914169,63.485630373605
836.47000002861,63.3863401868481
837.47200012207,63.2839580189885
838.473000049591,63.1655204745455
839.473999977112,63.0259325359623
840.473999977112,62.858113634512
841.476999998093,62.6433234310704
842.477999925613,62.5312757866253
843.477999925613,62.4038080642589
844.477999925613,62.309202962283
845.478999853134,62.311194341881
846.478999853134,62.1867952869049
847.478999853134,62.1004228396087
848.480000019073,61.9133390405058
849.480999946594,61.6930205730192
850.484999895096,61.5354898185555
851.484999895096,61.3436587647719
852.484999895096,61.2775896467333
853.485999822617,61.2675773786763
854.488000154495,61.1157740262175
855.488000154495,60.9410620371441
856.496000051498,60.8433202694502
857.49799990654,60.8053480604325
858.5,60.7333300601215
859.500999927521,60.436194853195
860.501999855042,60.2336589198163
861.500999927521,60.197389583206
862.501999855042,60.0494922489733
863.504999876022,59.8604860400049
864.509000062943,59.7202385176426
865.513999938965,59.6376477487732
866.515000104904,59.4041580052039
867.520999908447,59.2342602977343
868.519999980927,59.1030206109878
869.520999908447,59.0109372755663
870.523999929428,58.899718239315
871.526000022888,58.8047245754663
872.526000022888,58.6801477534334
873.526999950409,58.4843407402866
874.526999950409,58.3265098217762
875.528000116348,58.1704526882151
876.529000043869,58.0326055068219
877.52999997139,57.8747386463383
878.553999900818,57.7578067791523
879.555000066757,57.5848034909145
880.555000066757,57.4276914118687
881.555000066757,57.2314239529027
882.555999994278,57.0135534252145
883.555999994278,56.9192912290914
884.555999994278,56.8595770404821
885.556999921799,56.7320947470455
886.557999849319,56.575867617665
887.5609998703,56.3909830787621
888.5640001297,56.2575392747923
889.5640001297,56.252463685329
890.5640001297,56.047243760814
891.565999984741,55.895025618556
892.565999984741,55.8808333961526
893.565999984741,55.7592863853227
894.566999912262,55.5828491815341
895.569999933243,55.3619323287633
896.571000099182,55.187055200894
897.573999881744,55.0336674873988
898.574999809265,54.8612091571875
899.575999975204,54.6721320356773
900.588000059128,54.5395226683293
901.588000059128,54.4289321309071
902.588999986649,54.2494670587249
903.589999914169,54.222032647697
904.59099984169,54.0220660797021
905.59500002861,53.7822252923221
906.597999811172,53.5700918806856
907.597999811172,53.4947050489376
908.597999811172,53.4950722399074
909.600000143051,53.368474896136
910.605000019073,53.2516353123949
911.605000019073,53.042783305774
912.605999946594,52.9735522654956
913.606999874115,52.8915763957899
914.608999967575,52.7305884120632
915.609999895096,52.6643308415162
916.611000061035,52.5068583713335
917.611999988556,52.2379288707523
918.612999916077,52.0381798974061
919.619000196457,51.9001141499595
920.620000123978,51.7699847787645
921.62299990654,51.6648059368255
922.628000020981,51.5450463106104
923.628999948502,51.333489913355
924.629999876022,51.2069489110552
925.640000104904,51.0982720408565
926.641000032425,50.9782277930696
927.641999959946,50.8307034782348
928.644000053406,50.6666108851445
929.644000053406,50.438106390403
930.644999980927,50.1988591312837
931.646999835968,50.1416851659177
932.648000001907,49.9999096239907
933.651000022888,49.8466569357464
934.65299987793,49.7868494922876
935.65299987793,49.6810703222553
936.662999868393,49.5360211465501
937.668999910355,49.4014077713431
938.674000024796,49.2035773222438
939.675000190735,49.0094362681265
940.676000118256,48.9184409059488
941.676000118256,48.8175080738747
942.677000045776,48.7025588436447
943.683000087738,48.6455257319576
944.694999933243,48.5306425572459
945.696000099182,48.3183886914289
946.696000099182,48.1159353274481
947.697000026703,48.0073925110955
948.707000017166,47.8574221992715
949.713000059128,47.7403358787412
950.713999986649,47.6061198080492
951.713999986649,47.3772665790268
952.713999986649,47.2672831695309
953.715000152588,47.1135583786112
954.716000080109,47.0549379916738
955.716000080109,46.9555050084286
956.71799993515,46.7305276840873
957.718999862671,46.590130565404
958.720999956131,46.3785566828643
959.720999956131,46.2593594999601
960.727999925613,46.1625318240719
961.727999925613,45.9810365161044
962.731000185013,45.8268833357199
963.733999967575,45.7475428869163
964.734999895096,45.663767004335
965.734999895096,45.5957094209123
966.736999988556,45.3958798209775
967.736999988556,45.1926969320806
968.736999988556,45.1418196118631
969.739000082016,45.0793417769336
970.740999937057,44.8977231005715
971.741999864578,44.7044864242131
972.742999792099,44.5370240282811
973.743999958038,44.3381784612891
974.743999958038,44.1838387712057
975.743999958038,44.0693703862932
976.743999958038,44.0505688486739
977.744999885559,43.8711737176287
978.749000072479,43.7780101802009
979.749000072479,43.5850756106987
980.75,43.2255130818862
981.753999948502,43.0432387073637
982.755000114441,42.9383017451906
983.755000114441,42.8409844813427
984.756000041962,42.6339208307414
985.756000041962,42.5449081055196
986.756000041962,42.5188705744244
987.764999866486,42.3967028360027
988.764999866486,42.1783874049702
989.768000125885,41.9699900157406
990.769000053406,41.8181963773285
991.769999980927,41.6635953793857
992.771000146866,41.4781056553659
993.773000001907,41.3954604878343
994.77799987793,41.1523752088166
995.779000043869,41.054058369551
996.779000043869,40.9304247814643
997.77999997139,40.6652162465174
998.77999997139,40.6020695994644
999.77999997139,40.4861902492513
1000.78099989891,40.333320780154
1001.78500008583,40.1494426165017
1002.78600001335,40.0153494285019
1003.78700017929,39.8755618662565
1004.78700017929,39.771929014869
1005.78800010681,39.5949274249601
1006.79399991035,39.4337335034408
1007.79500007629,39.2757204465526
1008.79600000381,39.1311934008639
1009.79699993134,38.9730385188921
1010.80099987984,38.8947695294527
1011.80300021172,38.7228814137898
1012.80300021172,38.5636147591594
1013.80300021172,38.4460835352847
1014.80400013924,38.3026910902646
1015.80400013924,38.139152197843
1016.80900001526,38.0336765917738
1017.81299996376,37.8721111079636
1018.81299996376,37.736523899563
1019.81399989128,37.5810661226906
1020.8149998188,37.4623633847695
1021.81599998474,37.3192152480269
1022.81699991226,37.1854469948933
1023.81799983978,37.0916199880677
1024.81900000572,36.8856821954927
1025.81999993324,36.7837405596564
1026.82099986076,36.713217551151
1027.82099986076,36.6134907179896
1028.82299995422,36.3991425036782
1029.8220000267,36.2980523040456
1030.83299994469,36.185227535855
1031.83599996567,36.1005370757656
1032.84200000763,35.8966236905478
1033.84599995613,35.769453218014
1034.84699988365,35.5981032605449
1035.84699988365,35.5918653853797
1036.84800004959,35.4527281785689
1037.84800004959,35.2662845351514
1038.84899997711,35.0573426735975
1039.84999990463,35.0228471219365
1040.85399985313,34.9420058528994
1041.85499978065,34.7551362485289
1042.85599994659,34.6860650043206
1043.85699987411,34.6032308985784
1044.85799980164,34.5516925374748
1045.85900020599,34.432523039604
1046.86000013351,34.2098115166834
1047.86100006104,34.1098073474852
1048.86299991608,33.899131528574
1049.86400008202,33.7752045762733
1050.86400008202,33.6360960259006
1051.86500000954,33.4722292843989
1052.86500000954,33.2880130719172
1053.86500000954,33.1607041742162
1054.86599993706,33.022365462054
1055.86599993706,32.9001399250537
1056.867000103,32.7801967033537
1057.86800003052,32.6720035926867
1058.86899995804,32.5224757556953
1059.86899995804,32.3854455256397
1060.87199997902,32.1966821678417
1061.87299990654,32.0508641253308
1062.875,31.9821964997679
1063.87700009346,31.9121703647573
1064.87700009346,31.727810870085
1065.87800002098,31.5550475188035
1066.87800002098,31.3725871202845
1067.8789999485,31.2478888726663
1068.88000011444,31.1293226171029
1069.88100004196,30.9170109527073
1070.89600014687,30.7639039751653
1071.89700007439,30.6798488137379
1072.89700007439,30.5273878203093
1073.89800000191,30.3045194155325
1074.89800000191,30.2399078902192
1075.89900016785,30.0616745591736
1076.90000009537,29.9246773568772
1077.90000009537,29.7718331443016
1078.90100002289,29.5964198010478
1079.90499997139,29.4763891529264
1080.90499997139,29.4223125113889
1081.90599989891,29.3399500226198
1082.91199994087,29.1693111333778
1083.9279999733,29.0544333013918
1084.93099999428,28.9362886354605
1085.93300008774,28.7526538086809
1086.93400001526,28.4457618131288
1087.93499994278,28.2292274525807
1088.93600010872,28.077072451627
1089.93799996376,27.9420646861192
1090.93799996376,27.8448047351476
1091.94000005722,27.7302775802519
1092.94099998474,27.6576548805264
1093.94499993324,27.509183931829
1094.94400000572,27.3951123657291
1095.94599986076,27.2059963880316
1096.94599986076,27.0780366491937
1097.9470000267,26.9710247666199
1098.94799995422,26.7132882764866
1099.94799995422,26.581047071513
1100.94899988174,26.4082968341948
1101.94899988174,26.3157651955126
1102.94999980927,26.2791888950229
1103.95099973679,26.1250449429829
1104.95399999619,26.0017013191937
1105.95399999619,25.8606528736711
1106.95500016212,25.6442719950628
1107.95500016212,25.4971532416827
1108.95600008965,25.4696702604207
1109.96000003815,25.2809919005324
1110.95899987221,25.2168170216236
1111.96000003815,25.0333317911651
1112.96399998665,24.9300933300783
1113.96599984169,24.8460862531827
1114.96899986267,24.6758674964656
1115.97000002861,24.5315721307936
1116.97100019455,24.355006701587
1117.97499990463,24.3843348660423
1118.97499990463,24.1136398374517
1119.97600007057,23.8977650606827
1120.97699999809,23.7009332155964
1121.97900009155,23.4980767186726
1122.97900009155,23.4609506031328
1123.97900009155,23.402004795627
1124.98000001907,23.3517414031685
1125.98099994659,23.1224272426245
1126.98199987411,23.0631710713228
1127.98299980164,22.9596139895004
1128.98399996758,22.9890475513637
1129.98699998856,22.7953620860423
1130.98699998856,22.6084764534945
1131.98699998856,22.4190306839075
1132.9880001545,22.2870609865425
1133.9880001545,22.2420621217579
1134.98900008202,22.0593783001619
1135.99000000954,21.8527459532394
1136.99099993706,21.7330057551179
1137.99500012398,21.5945995303303
1138.9960000515,21.3793445097483
1139.99699997902,21.2525324855422
1141,21.1326854329057
1142.00499987602,21.0537903731488
1143.00800013542,20.9115339859043
1144.00900006294,20.7590151938972
1145.01200008392,20.6147727697803
1146.01399993896,20.4326326919551
1147.01600003242,20.3003885727675
1148.01600003242,20.0843226721273
1149.01699995995,20.0297486713926
1150.01699995995,19.8544137690668
1151.01699995995,19.7457742979484
1152.01699995995,19.5545287583369
1153.01999998093,19.3547419002081
1154.02099990845,19.1774306750569
1155.02199983597,19.0364849555795
1156.02299976349,19.0419491069155
1157.02399992943,18.869078901119
1158.02399992943,18.5623826436104
1159.02499985695,18.4097727824143
1160.02499985695,18.4443013618345
1161.02499985695,18.2186843675101
1162.02600002289,18.0055754227218
1163.02600002289,17.9332045596601
1164.02700018883,17.8245111755819
1165.02900004387,17.7294968693837
1166.02999997139,17.5103190738449
1167.03099989891,17.3520434948413
1168.03200006485,17.2414646142754
1169.03500008583,17.1171296720083
1170.03699994087,16.9678451718897
1171.03799986839,16.845060591495
1172.03699994087,16.7619736776843
1173.03799986839,16.6232342610908
1174.03799986839,16.4401456065936
1175.03899979591,16.2482509258034
1176.03999996185,16.1891057374866
1177.04600000381,16.1130483936569
1178.04699993134,15.8987574922218
1179.04800009727,15.7491036154729
1180.0490000248,15.5988562104634
1181.0490000248,15.4446182750204
1182.04999995232,15.2738358607366
1183.05100011826,15.2286861853751
1184.0529999733,15.1224441410118
1185.05399990082,14.941355851606
1186.05399990082,14.7797699682975
1187.05499982834,14.598234832738
1188.05599999428,14.5088250458524
1189.05599999428,14.4313125378091
1190.05599999428,14.2301540562694
1191.05799984932,14.027346615282
1192.05900001526,13.9375914940321
1193.05900001526,13.8022425226297
1194.0640001297,13.7653434729344
1195.06500005722,13.6406301685436
1196.06599998474,13.5918780389191
1197.06700015068,13.427046449717
1198.06700015068,13.257357594254
1199.06700015068,13.2069341628741
1200.0680000782,13.0647452882549
1201.06900000572,12.8900065855527
1202.06900000572,12.7453916277404
1203.07500004768,12.5688315412595
1204.0759999752,12.4404774121208
1205.0759999752,12.3313706953503
1206.07699990273,12.2039207011193
1207.07799983025,12.0308812280571
1208.07799983025,11.8991764813191
1209.07899975777,11.7564256490914
1210.07999992371,11.6350726763467
1211.08300018311,11.4636012932923
1212.08400011063,11.2923331766675
1213.08400011063,11.2085315518621
1214.08500003815,11.0688904288725
1215.08699989319,10.9357278465581
1216.08699989319,10.779925706726
1217.09299993515,10.5825690602603
1218.09299993515,10.3666403705314
1219.09499979019,10.181155503535
1220.09599995613,10.0123044846102
1221.09699988365,9.94918685827207
1222.09799981117,9.74408738793764
1223.10000014305,9.41169808371914
1224.10000014305,9.34103361440691
1225.10000014305,9.24590480388192
1226.10100007057,9.15513031484381
1227.10199999809,8.9941946655443
1228.10299992561,8.79705075670392
1229.10400009155,8.75612487032513
1230.10500001907,8.5891663905719
1231.10599994659,8.56905952791124
1232.10599994659,8.38694106384021
1233.10800004005,8.23297050753592
1234.1099998951,8.00592967679895
1235.1139998436,7.91145450019933
1236.1139998436,7.81450539872594
1237.11500000954,7.67727906635014
1238.11599993706,7.61208457680201
1239.11699986458,7.4977496386077
1240.1179997921,7.34638171829754
1241.1179997921,7.1322202565363
1242.1179997921,6.94614671830268
1243.12199997902,6.80846419000312
1244.12800002098,6.71687639239503
1245.13100004196,6.58622015558565
1246.13399982452,6.45059542667922
1247.13499975204,6.3160396071997
1248.13499975204,6.18394702714246
1249.1360001564,6.05704417659857
1250.13700008392,5.91792518362555
1251.13700008392,5.70698744972697
1252.13800001144,5.63142746509443
1253.13800001144,5.4982567472658
1254.13900017738,5.41151358765781
1255.1400001049,5.26348669232566
1256.1400001049,5.0359132889718
1257.1400001049,4.99678352984995
1258.14199995995,4.82222787621751
1259.14299988747,4.62745152343824
1260.14400005341,4.65189376519448
1261.14499998093,4.47718541888859
1262.14599990845,4.29235206086987
1263.14599990845,4.20139549416669
1264.15099978447,4.14656388905288
1265.15299987793,4.05347156773083
1266.15299987793,4.00347525084705
1267.15399980545,3.8532717411866
1268.15500020981,3.69478469952634
1269.15600013733,3.52509098703989
1270.15500020981,3.47732714025363
1271.15600013733,3.27407570661383
1272.15700006485,3.15938632713619
1273.15799999237,3.02204530829513
1274.15799999237,2.91191193820145
1275.15899991989,2.75626437313935
1276.16000008583,2.68958448440692
1277.16300010681,2.56117213170006
1278.16499996185,2.37993555129827
1279.16599988937,2.27283554410599
1280.16699981689,2.14084219910829
1281.17100000381,1.88319723350985
1282.17600011826,1.68718422185766
1283.17700004578,1.61464894855356
1284.18099999428,1.51468430338341
1285.18299984932,1.35481049047047
1286.18400001526,1.21409810543328
1287.18400001526,1.06912550373778
1288.18499994278,0.850829455264364
1289.1859998703,0.741118539959956
1290.18700003624,0.689740339203305
1291.18799996376,0.53783826015456
1292.1899998188,0.438070825313045
1293.19099974632,0.231969265671809
1294.19200015068,-0.00962440331404976
1295.1930000782,-0.028742069242868
1296.19400000572,-0.246943620626163
1297.19600009918,-0.359505143839798
1298.19600009918,-0.5498477286485
1299.20199990273,-0.694310889301103
1300.20399999619,-0.825453769499753
1301.20499992371,-0.968147729018946
1302.20599985123,-1.08028542571366
1303.20799994469,-1.14352853021592
1304.20799994469,-1.32702033283426
1305.20799994469,-1.46517690661862
1306.20999979973,-1.59384950471105
1307.21100020409,-1.70371755990097
1308.24800014496,-1.81410033814673
1309.24800014496,-1.94277560760204
1310.24900007248,-2.11194278839447
1311.25,-2.1984075191355
1312.25100016594,-2.3369587867847
1313.2539999485,-2.47909408236438
1314.2539999485,-2.56482840785376
1315.2539999485,-2.72119587485439
1316.2539999485,-2.7951200747153
1317.2539999485,-2.9253738464224
1318.25600004196,-3.09020634631637
1319.25699996948,-3.27263590273679
1320.25699996948,-3.30065066734931
1321.25900006294,-3.44011742319846
1322.25999999046,-3.53746674340082
1323.25999999046,-3.64974940706612
1324.26099991798,-3.74291488730328
1325.2619998455,-3.89773226563907
1326.2619998455,-3.95522594457098
1327.26299977303,-4.07515313809374
1328.26299977303,-4.1247075872728
1329.26900005341,-4.32338552624437
1330.26900005341,-4.46268768971272
1331.26900005341,-4.68085194589155
1332.27300000191,-4.83317433201452
1333.27399992943,-4.82582037358256
1334.27600002289,-4.89841702752
1335.27899980545,-5.01837239177853
1336.27999997139,-5.03614053695459
1337.27999997139,-5.14108824529201
1338.28099989891,-5.27617384459995
1339.28099989891,-5.47778633640291
1340.28199982643,-5.71612812493302
1341.28299999237,-5.84297305547275
1342.28400015831,-5.96546973580486
1343.28600001335,-6.15191289351996
1344.28800010681,-6.26741060311857
1345.28900003433,-6.40484918741739
1346.28999996185,-6.59631195740092
1347.29299998283,-6.74347673107783
1348.29499983788,-6.80176392620932
1349.29499983788,-6.92503505892412
1350.29499983788,-7.12455453791422
1351.29600000381,-7.39863005479806
1352.2990000248,-7.58644568590318
1353.30099987984,-7.70820883427483
1354.30599999428,-7.79790688549975
1355.30800008774,-7.85720446292606
1356.30800008774,-8.01332085217279
1357.31299996376,-8.14891850317371
1358.31299996376,-8.27187417221805
1359.31500005722,-8.46840731036464
1360.31500005722,-8.58877952865732
1361.31599998474,-8.77627605332441
1362.31699991226,-8.87599317243904
1363.31999993324,-9.02228258907192
1364.31999993324,-9.23514006147322
1365.32500004768,-9.40283899444528
1366.32899999619,-9.51835151796529
1367.32899999619,-9.64465234045753
1368.32999992371,-9.75749920810467
1369.33799982071,-9.97630544135269
1370.34000015259,-10.0359413104595
1371.34000015259,-10.1893205241636
1372.34000015259,-10.3869395713191
1373.34100008011,-10.4702122662752
1374.34500002861,-10.6032058241749
1375.34500002861,-10.7349025568243
1376.34599995613,-10.913834084985
1377.34800004959,-11.0092155821529
1378.34899997711,-11.1245754737122
1379.35099983215,-11.3599235144381
1380.35199999809,-11.4516423302527
1381.35500001907,-11.5550923147089
1382.35299992561,-11.6706309447298
1383.35399985313,-11.8244730327649
1384.35299992561,-12.0089226252214
1385.35500001907,-12.095113176991
1386.35599994659,-12.2257583640721
1387.35699987411,-12.3279804930103
1388.35699987411,-12.4805250272415
1389.35699987411,-12.6586665605446
1390.35699987411,-12.8436178835194
1391.35799980164,-12.9446427561871
1392.35799980164,-13.0653266739571
1393.35799980164,-13.2169401168006
1394.35799980164,-13.4474403624612
1395.35899972916,-13.5134915095132
1396.35899972916,-13.6734182336249
1397.35899972916,-13.7720476223469
1398.3630001545,-13.7803830030716
1399.36400008202,-13.9610232320679
1400.36500000954,-14.0790824143872
1401.36599993706,-14.2276886311866
1402.36800003052,-14.4107840855165
1403.36899995804,-14.4320775189962
1404.36899995804,-14.4712892403881
1405.36899995804,-14.6067178669743
1406.36999988556,-14.7263893382146
1407.3710000515,-14.8076779391078
1408.37299990654,-14.988305296992
1409.37299990654,-15.1807755350563
1410.382999897,-15.3100177709255
1411.382999897,-15.423395025529
1412.38400006294,-15.5661900566697
1413.38499999046,-15.7351595869658
1414.38599991798,-15.8570356611317
1415.38599991798,-16.0675213275764
1416.38700008392,-16.1610569129974
1417.38800001144,-16.2326040248888
1418.38899993896,-16.4572639427503
1419.38999986649,-16.6358566935281
1420.38999986649,-16.7945193772974
1421.40000009537,-16.9415584754936
1422.40100002289,-16.9797460934996
1423.40199995041,-17.1136372293254
1424.40300011635,-17.2658655713326
1425.40300011635,-17.4530916812214
1426.41700005531,-17.5722434509568
1427.41799998283,-17.7462764281575
1428.41900014877,-17.8261839344442
1429.41900014877,-17.8625270978103
1430.42000007629,-18.1464444012293
1431.42000007629,-18.4144588386001
1432.42000007629,-18.4270941421495
1433.42100000381,-18.6664963403156
1434.42299985886,-18.6877691314457
1435.4240000248,-18.7715061578398
1436.4240000248,-18.9337256398521
1437.4240000248,-19.1231922946398
1438.42499995232,-19.2773950166631
1439.42499995232,-19.4263674530275
1440.42599987984,-19.5557561281526
1441.42599987984,-19.6759458437906
1442.4279999733,-19.795257166745
1443.42899990082,-19.9426182855933
1444.42999982834,-19.9921567673079
1445.43799996376,-20.2172997161475
1446.43899989128,-20.5835537661116
1447.44000005722,-20.5440239096864
1448.44000005722,-20.6894179340537
1449.44000005722,-20.820076235098
1450.44599986076,-20.9322321911651
1451.44599986076,-21.0521671559253
1452.44999980927,-21.2677495398851
1453.44999980927,-21.383302498125
1454.44999980927,-21.5040432430689
1455.45200014114,-21.6025650487223
1456.45399999619,-21.7406035968378
1457.45499992371,-21.8681908019802
1458.45399999619,-22.0009735650639
1459.45499992371,-22.1869791049698
1460.45600008965,-22.1062340049962
1461.45600008965,-22.2252072791212
1462.46000003815,-22.3622224524043
1463.46099996567,-22.6002928547514
1464.46399998665,-22.7062250210212
1465.46499991417,-22.7421349378991
1466.46599984169,-22.8811478049106
1467.46799993515,-23.0897924166318
1468.46799993515,-23.2929889051943
1469.46899986267,-23.3348957888763
1470.47200012207,-23.4862129532918
1471.47300004959,-23.5775177078607
1472.47799992561,-23.7626135272819
1473.47899985313,-23.782565693747
1474.48000001907,-23.8070140067825
1475.48300004005,-24.0179142201752
1476.48399996758,-24.2418992546339
1477.48699975014,-24.5050119839795
1478.4880001545,-24.733023490845
1479.48900008202,-24.8539687164744
1480.49399995804,-24.9257530939594
1481.49499988556,-24.9225999143617
1482.49499988556,-25.0476075543711
1483.4960000515,-25.2329389394277
1484.4960000515,-25.4277896046652
1485.51600003242,-25.5482204715155
1486.51799988747,-25.6201758162245
1487.51799988747,-25.7655178704413
1488.51899981499,-25.9813358200364
1489.52199983597,-26.0950581661532
1490.52600002289,-26.1297382847037
1491.52900004387,-26.2714754561458
1492.53200006485,-26.4574523396136
1493.53299999237,-26.5408498600713
1494.53299999237,-26.6850913127834
1495.53399991989,-26.970036362356
1496.53499984741,-27.1037356457572
1497.53499984741,-27.1915875423841
1498.53600001335,-27.3405330222686
1499.53699994087,-27.5679204016259
1500.53799986839,-27.7450740163674
1501.53900003433,-27.8168545082337
1502.54099988937,-27.9085653099596
1503.54199981689,-28.0825453456052
1504.54500007629,-28.2776646042372
1505.54600000381,-28.4132163563669
1506.54700016975,-28.5162556794938
1507.54700016975,-28.6639436760175
1508.5490000248,-28.7977964413585
1509.5490000248,-29.0318937985564
1510.54999995232,-29.0197755251489
1511.55200004578,-29.1298016764508
1512.55500006676,-29.1195591854843
1513.55500006676,-29.3355354740426
1514.56699991226,-29.5075037305919
1515.5680000782,-29.6831380684108
1516.5680000782,-29.8788931114072
1517.56900000572,-30.0932218976249
1518.56900000572,-30.207816565146
1519.56999993324,-30.4201185154948
1520.5720000267,-30.4203846803777
1521.57699990273,-30.5160524990756
1522.57999992371,-30.6987232067083
1523.58299994469,-30.870129505649
1524.58299994469,-30.9574505296172
1525.58899998665,-31.0467935324309
1526.58999991417,-31.195500532466
1527.59200000763,-31.3559552150223
1528.59299993515,-31.5187524399692
1529.59299993515,-31.6732932108218
1530.59399986267,-31.8335366128598
1531.60100007057,-32.0422040525911
1532.60300016403,-32.1333397827453
1533.60400009155,-32.1692929271316
1534.60500001907,-32.2883516848687
1535.60599994659,-32.4563634101483
1536.6210000515,-32.6268648456278
1537.65399980545,-32.8148277659678
1538.65499973297,-32.8165597805158
1539.65700006485,-32.8894161030672
1540.65600013733,-33.091420678085
1541.65700006485,-33.2759297690783
1542.66100001335,-33.3820703016524
1543.66199994087,-33.6005406717316
1544.66199994087,-33.6695924878462
1545.66299986839,-33.8340275010869
1546.66400003433,-34.0204628875645
1547.66999983788,-34.1684034493056
1548.66999983788,-34.2947200571239
1549.66999983788,-34.4175930353447
1550.6709997654,-34.4301707831666
1551.67199993134,-34.5503821125589
1552.67299985886,-34.6881982090022
1553.67299985886,-34.818569459963
1554.6740000248,-34.9660204337444
1555.6740000248,-35.146483138535
1556.67500019073,-35.2995750593044
1557.6779999733,-35.4601793381818
1558.68000006676,-35.5972056826187
1559.68499994278,-35.7023534396078
1560.68499994278,-35.879247203597
1561.68499994278,-36.0022377217843
1562.6859998703,-36.1331908441496
1563.70799994469,-36.2296600717101
1564.70899987221,-36.3436165263552
1565.70999979973,-36.5155828400951
1566.70999979973,-36.7050781513209
1567.71300005913,-36.8261501452613
1568.71300005913,-36.8972511395525
1569.71300005913,-37.0064098264734
1570.71399998665,-37.2253751272381
1571.71399998665,-37.4168540468245
1572.71500015259,-37.3975260078676
1573.71600008011,-37.5688337092331
1574.71600008011,-37.695252314543
1575.71600008011,-37.8586484104764
1576.72099995613,-37.9567636832704
1577.72099995613,-38.0617472728683
1578.72300004959,-38.1208562763607
1579.72300004959,-38.2578811636906
1580.72399997711,-38.4735262032524
1581.72499990463,-38.541371534752
1582.72599983215,-38.6451500968419
1583.72599983215,-38.8383741449394
1584.72799992561,-38.9886232499071
1585.72900009155,-39.0897013069811
1586.72900009155,-39.2435543233189
1587.73000001907,-39.4221567881436
1588.73699998856,-39.487788288373
1589.73600006104,-39.6104490146708
1590.73600006104,-39.7275246497497
1591.73600006104,-39.8364458282258
1592.73600006104,-39.9206617571281
1593.73799991608,-40.0595138566648
1594.73799991608,-40.1948591852995
1595.74000000954,-40.3939898595657
1596.74399995804,-40.5245296492388
1597.74399995804,-40.6164507600784
1598.74499988556,-40.7213469232549
1599.74499988556,-40.929286295177
1600.74599981308,-41.0568171588478
1601.74599981308,-41.1734925751977
1602.74700021744,-41.287989130846
1603.74700021744,-41.4103326935151
1604.74700021744,-41.5539956747391
1605.74900007248,-41.6888159591433
1606.74900007248,-41.796796332185
1607.75,-41.9501277042086
1608.75,-41.9894530799483
1609.75300002098,-42.0590959958118
1610.75600004196,-42.1890922845654
1611.75699996948,-42.3862184652703
1612.75999999046,-42.4980368582104
1613.7619998455,-42.5475338123749
1614.76300001144,-42.6278952074992
1615.76499986649,-42.7309651298736
1616.76999998093,-42.8194192974033
1617.77100014687,-42.9747488488576
1618.77200007439,-43.1563121551529
1619.77300000191,-43.2881239992571
1620.77499985695,-43.4150720201187
1621.77699995041,-43.5051630045374
1622.77900004387,-43.6071595247383
1623.78199982643,-43.6987872713639
1624.79500007629,-43.8417187848624
1625.79399991035,-43.8800494422078
1626.79500007629,-44.0274979874774
1627.79600000381,-44.1942930283929
1628.79799985886,-44.3705349798404
1629.79799985886,-44.506142102037
1630.81200003624,-44.640672907846
1631.8149998188,-44.826818330026
1632.81599998474,-44.8621075193122
1633.81599998474,-45.0616699829595
1634.81599998474,-45.172329490114
1635.81699991226,-45.3685901492473
1636.81799983978,-45.5570018585504
1637.81900000572,-45.6837594840943
1638.81900000572,-45.6775424941298
1639.82099986076,-45.8275079489304
1640.81999993324,-45.948530401232
1641.84599995613,-46.1516676341089
1642.84899997711,-46.343512287558
1643.85499978065,-46.4346203326788
1644.85699987411,-46.5563587102311
1645.85699987411,-46.6999167797495
1646.85799980164,-46.7930686603211
1647.85799980164,-46.9135267265025
1648.85900020599,-46.971453530497
1649.86000013351,-47.1358453162293
1650.86299991608,-47.277514975046
1651.87399983406,-47.4150153649677
1652.875,-47.5854949438419
1653.87700009346,-47.8078222762108
1654.87800002098,-47.934912122156
1655.87800002098,-48.065908957732
1656.8789999485,-48.2932992513033
1657.88000011444,-48.3663032273664
1658.88000011444,-48.4561581604475
1659.88100004196,-48.5746695316463
1660.88199996948,-48.7532846247318
1661.88599991798,-48.8685408188414
1662.88599991798,-49.0571322380106
1663.8869998455,-49.2105539506696
1664.88800001144,-49.4271723377227
1665.88999986649,-49.5162462614395
1666.88999986649,-49.6520457217631
1667.88999986649,-49.7941845690411
1668.89100003242,-49.9029634367314
1669.89199995995,-49.9880711151317
1670.89299988747,-50.1168444053907
1671.89399981499,-50.3115673309125
1672.89700007439,-50.5317993433824
1673.89700007439,-50.6540389657506
1674.89800000191,-50.7783593369475
1675.89900016785,-50.8507037292316
1676.89900016785,-50.9603694893965
1677.90799999237,-51.0562325604354
1678.90799999237,-51.1722503358156
1679.91299986839,-51.2440536556919
1680.91899991035,-51.4314580183398
1681.92000007629,-51.5869400803292
1682.92199993134,-51.828913100986
1683.92300009727,-51.8621905111759
1684.92300009727,-52.0278431801854
1685.9240000248,-52.1270158269758
1686.92499995232,-52.2737008481654
1687.92599987984,-52.4009636041439
1688.92599987984,-52.4635337225182
1689.92699980736,-52.5888701830124
1690.9279999733,-52.8948723718758
1691.92899990082,-53.0793916626183
1692.92899990082,-53.2057422696005
1693.92899990082,-53.3169078785943
1694.93499994278,-53.2953504658923
1695.93799996376,-53.3587569636977
1696.93799996376,-53.5179264778598
1697.9390001297,-53.6516966738028
1698.94000005722,-53.803202776429
1699.94199991226,-53.9615436823974
1700.94400000572,-54.0369266285267
1701.94400000572,-54.1368851417048
1702.94400000572,-54.3048798674024
1703.94400000572,-54.4403636212044
1704.94499993324,-54.6071848900463
1705.94599986076,-54.6869546997193
1706.94599986076,-54.8070543175731
1707.9470000267,-54.9399473350883
1708.9470000267,-55.0377959572971
1709.94799995422,-55.2056789714564
1710.94799995422,-55.3477682770957
1711.94899988174,-55.4415340854263
1712.94899988174,-55.4924794039716
1713.94899988174,-55.6487269328504
1714.95399999619,-55.8773130255852
1715.95899987221,-56.0349671484434
1716.96099996567,-56.10162299491
1717.97000002861,-56.1576400172997
1718.97100019455,-56.2591848343235
1719.97300004959,-56.3913522125412
1720.97399997711,-56.5179796698578
1721.97499990463,-56.661507625831
1722.97600007057,-56.8092786774551
1723.97699999809,-56.9134968001635
1724.97799992561,-57.1328594054432
1725.97900009155,-57.2578655883455
1726.98199987411,-57.3710682329574
1727.98299980164,-57.4526905113589
1728.98399996758,-57.5407318318987
1729.9849998951,-57.626151331202
1730.9849998951,-57.6613025810233
1731.9849998951,-57.8164776791332
1732.9849998951,-58.0350097334097
1733.98599982262,-58.1833373999165
1734.99300003052,-58.3374983515385
1735.99399995804,-58.499824930917
1736.99399995804,-58.6799233589519
1737.9960000515,-58.7805055139358
1738.99799990654,-58.8855969294533
1739.99799990654,-58.9634977565182
1740.99899983406,-59.1043941772081
1741.99899983406,-59.2716146933742
1743.00099992752,-59.3828191585554
1744.00099992752,-59.5219427657006
1745.00599980354,-59.5830460630051
1746.00599980354,-59.7679830577608
1747.00699973106,-59.9386666316182
1748.00800013542,-60.0706678996353
1749.00999999046,-60.196879595748
1750.0110001564,-60.3686734851569
1751.01200008392,-60.4503278199128
1752.01200008392,-60.6256061379158
1753.01499986649,-60.7359907375454
1754.01499986649,-60.8380066858399
1755.01600003242,-60.9791207011785
1756.01600003242,-61.1323432758776
1757.01600003242,-61.2674384678068
1758.01699995995,-61.4936630757598
1759.01799988747,-61.6590087808898
1760.01799988747,-61.6455587116634
1761.01900005341,-61.7490443952417
1762.02299976349,-61.8886255339921
1763.02199983597,-62.0988307073349
1764.02199983597,-62.236164987056
1765.02299976349,-62.3335191642818
1766.02499985695,-62.4084028084045
1767.02399992943,-62.6566151613336
1768.02499985695,-62.8350379162921
1769.02600002289,-63.0066618098816
1770.02600002289,-63.0280035707442
1771.02700018883,-63.0131206796119
1772.02900004387,-63.1329133335862
1773.02900004387,-63.1824083449413
1774.02999997139,-63.4356875446915
1775.03299999237,-63.4440367679329
1776.03399991989,-63.5523163336166
1777.03500008583,-63.6517192033167
1778.03600001335,-63.8891169079215
1779.03600001335,-64.0521186135539
1780.03600001335,-64.1251361892826
1781.03600001335,-64.212592724204
1782.03799986839,-64.3942463711346
1783.03899979591,-64.520627091662
1784.03899979591,-64.5997567456495
1785.03899979591,-64.7080120262162
1786.03899979591,-64.838465846575
1787.04099988937,-65.0183748506969
1788.05100011826,-65.0939559633813
1789.05799984932,-65.2244583539742
1790.05799984932,-65.3336044126342
1791.05900001526,-65.4388473672822
1792.05999994278,-65.5571702859727
1793.05999994278,-65.7000590576652
1794.06299996376,-65.8122018997691
1795.0640001297,-65.9474496022333
1796.06500005722,-66.0284530958524
1797.06599998474,-66.1905698518196
1798.06500005722,-66.3498549631389
1799.0680000782,-66.4525032958813
1800.06999993324,-66.5577064229373
1801.07399988174,-66.6955934319224
1802.07399988174,-66.8519517009349
1803.07399988174,-66.9744089179518
1804.07500004768,-67.0643639057151
1805.0759999752,-67.2967977323952
1806.07699990273,-67.4514210726457
1807.07699990273,-67.6259824939935
1808.08200001717,-67.722518748477
1809.08200001717,-67.8467788925837
1810.08400011063,-68.0432921169343
1811.08400011063,-68.184778180266
1812.08500003815,-68.2678847650215
1813.09200000763,-68.3199637128306
1814.09299993515,-68.3964997163174
1815.09499979019,-68.4753476629472
1816.09699988365,-68.6425778931602
1817.09699988365,-68.7612272038238
1818.09799981117,-68.9064075191611
1819.09799981117,-69.0058307883594
1820.10000014305,-69.2249194575187
1821.10100007057,-69.3504395134978
1822.10299992561,-69.4584567999175
1823.10400009155,-69.6274685863172
1824.10500001907,-69.7538133648713
1825.10599994659,-70.0139594243182
1826.10700011253,-70.0714170398513
1827.10800004005,-70.1633527217611
1828.10800004005,-70.2917695065018
1829.10899996758,-70.393028730549
1830.10899996758,-70.5569134430374
1831.1099998951,-70.6391991908366
1832.1099998951,-70.7581991785904
1833.11099982262,-70.9534184919047
1834.1139998436,-71.0816254532341
1835.11500000954,-71.1822707495224
1836.1179997921,-71.2466059102037
1837.1179997921,-71.437631669506
1838.11899995804,-71.6113382547336
1839.12000012398,-71.6834757378204
1840.12000012398,-71.7749548595297
1841.12400007248,-71.9137122471098
1842.12300014496,-72.0211826326935
1843.12400007248,-72.1120419982157
1844.12400007248,-72.2012703752769
1845.12599992752,-72.3360430608517
1846.12999987602,-72.6036951642761
1847.13399982452,-72.741613258211
1848.1360001564,-72.7743243394712
1849.13499975204,-72.889103573882
1850.1400001049,-73.0101133979228
1851.1400001049,-73.0642177244937
1852.14299988747,-73.2796082560288
1853.14400005341,-73.4336098972829
1854.14499998093,-73.6081033203029
1855.14599990845,-73.6900762757946
1856.14700007439,-73.7881191789399
1857.14800000191,-73.9004971009768
1858.14899992943,-74.0636872591175
1859.14899992943,-74.2227450617412
1860.14899992943,-74.3932071553311
1861.15399980545,-74.4646393986189
1862.15600013733,-74.5885372087791
1863.16000008583,-74.6972480781416
1864.16100001335,-74.7919454635623
1865.16199994087,-74.9061360267357
1866.16699981689,-75.0022409775405
1867.16699981689,-75.1633669007321
1868.16699981689,-75.3690123004978
1869.16799998283,-75.4191950663677
1870.16999983788,-75.515844975199
1871.17100000381,-75.6743519913681
1872.17199993134,-75.8028766020285
1873.17199993134,-75.9201931454685
1874.17199993134,-76.0529258812111
1875.17299985886,-76.1831863920382
1876.17299985886,-76.2753396685968
1877.17700004578,-76.4098092759107
1878.17900013924,-76.54910385028
1879.18000006676,-76.6382904569399
1880.1819999218,-76.7268922779812
1881.18299984932,-76.7656600674335
1882.18400001526,-77.0414340854037
1883.19099974632,-77.1657185146274
1884.19200015068,-77.3679212562002
1885.19400000572,-77.4674144665356
1886.19400000572,-77.5930064064612
1887.19500017166,-77.6910512524159
1888.19500017166,-77.8954581112121
1889.20399999619,-78.0691656678444
1890.20599985123,-78.2582340467125
1891.20599985123,-78.3133768048885
1892.20699977875,-78.4512453571846
1893.20799994469,-78.618837921344
1894.20799994469,-78.720653760274
1895.21200013161,-78.7830189122603
1896.21200013161,-78.823550772615
1897.21200013161,-78.9772182506585
1898.21399998665,-79.070342931899
1899.21399998665,-79.2187628818506
1900.22099995613,-79.3563089277924
1901.22599983215,-79.5185869369368
1902.22699999809,-79.6446373798723
1903.22699999809,-79.7516482910414
1904.22799992561,-79.9099066276118
1905.22900009155,-80.0409277483049
1906.22900009155,-80.1526956282015
1907.23000001907,-80.269772234685
1908.23000001907,-80.4197716886495
1909.23300004005,-80.5231961737328
1910.23399996758,-80.6223027650048
1911.23399996758,-80.7134457806942
1912.23600006104,-80.7779761937166
1913.23600006104,-80.8444445590795
1914.23799991608,-80.876131779805
1915.2389998436,-81.0724468376005
1916.24000000954,-81.3122040841778
1917.24199986458,-81.4034121839808
1918.24599981308,-81.531497719725
1919.24599981308,-81.6999791191683
1920.2469997406,-81.8409862799919
1921.25499987602,-81.9850397658981
1922.25600004196,-82.054324233434
1923.25699996948,-82.1863070447622
1924.25900006294,-82.3398064697957
1925.25999999046,-82.3768830436967
1926.26099991798,-82.5013394115491
1927.2619998455,-82.5898926623563
1928.26299977303,-82.7437981345469
1929.26299977303,-82.8547228351796
1930.26399993896,-83.0032894672382
1931.26499986649,-83.0663064317661
1932.26499986649,-83.136626416693
1933.26499986649,-83.1916759200195
1934.26499986649,-83.2840021066115
1935.27699995041,-83.4146540935254
1936.27899980545,-83.5532813128782
1937.27899980545,-83.6996933693521
1938.27899980545,-83.8015762352052
1939.27999997139,-83.8801745308317
1940.29600000381,-83.9772372866529
1941.30800008774,-83.9520118498718
1942.30800008774,-84.0708204709033
1943.30900001526,-84.2442667196762
1944.30999994278,-84.4512380868327
1945.3109998703,-84.520439013566
1946.31399989128,-84.6172744606916
1947.31599998474,-84.7198237101565
1948.31699991226,-84.8128143375509
1949.3189997673,-84.9348519077452
1950.3189997673,-85.1183055675516
1951.3189997673,-85.2714533440902
1952.32300019264,-85.3820283390375
1953.32999992371,-85.4890518784674
1954.33100008965,-85.7708447198471
1955.33299994469,-85.7580532629951
1956.33399987221,-85.8162248609694
1957.33599996567,-86.0554565776138
1958.33799982071,-86.2454594477859
1959.33799982071,-86.3803117885446
1960.33899998665,-86.4849787002161
1961.34000015259,-86.5121352895049
1962.34100008011,-86.6343185704015
1963.34599995613,-86.7261124272278
1964.34700012207,-86.8881582706532
1965.34999990463,-87.1224805080349
1966.35299992561,-87.2759605049748
1967.35399985313,-87.4528222126094
1968.35399985313,-87.5405886256243
1969.35500001907,-87.6436896329485
1970.35699987411,-87.7258840687077
1971.35799980164,-87.8220103904154
1972.36000013351,-87.9616964408715
1973.36100006104,-88.1882182986572
1974.36199998856,-88.3256662327261
1975.36999988556,-88.4366686457333
1976.3710000515,-88.578701609901
1977.3710000515,-88.6082944821322
1978.3710000515,-88.7043916616995
1979.37199997902,-88.7605971365976
1980.38400006294,-88.9933359843477
1981.38499999046,-89.1930587297675
1982.38700008392,-89.3834443333843
1983.38800001144,-89.4580248992463
1984.38999986649,-89.5557890092479
1985.40000009537,-89.5184792982232
1986.40100002289,-89.6411405102234
1987.40199995041,-89.8255850028053
1988.40499997139,-89.9886216790063
1989.40400004387,-90.2160430575275
1990.40499997139,-90.3405615952795
1991.40599989891,-90.4883161330239
1992.40699982643,-90.6867099968388
1993.40799999237,-90.7886122907855
1994.40899991989,-90.777740329585
1995.40999984741,-90.853420525547
1996.41199994087,-91.0119615408799
1997.41199994087,-91.1527413930079
1998.41499996185,-91.2081075742607
1999.41799998283,-91.3173342595094
2000.41799998283,-91.5403843169617
2001.41900014877,-91.6505182941833
2002.41900014877,-91.8243997322537
2003.41900014877,-91.9196692750319
2004.42299985886,-91.9965170994216
2005.4240000248,-92.1719955267891
2006.42599987984,-92.2652154056885
2007.42599987984,-92.3456263424515
2008.42599987984,-92.4360252621545
2009.42999982834,-92.5325304316882
2010.43600010872,-92.6839374510368
2011.43600010872,-92.825999557345
2012.43700003624,-92.9612462884045
2013.44999980927,-93.0887062395335
2014.45499992371,-93.2428856478444
2015.45499992371,-93.3431618103535
2016.45600008965,-93.4364846581492
2017.46499991417,-93.6205192179554
2018.46700000763,-93.7875697383022
2019.46599984169,-93.8581073178779
2020.46599984169,-93.9869311211803
2021.46700000763,-94.1823369441935
2022.46799993515,-94.2799980852988
2023.46899986267,-94.481591756136
2024.47000002861,-94.5363673233422
2025.47099995613,-94.6150064179654
2026.47200012207,-94.7319110858202
2027.47399997711,-94.7619255476834
2028.47500014305,-94.9311520145178
2029.47500014305,-95.0642325131366
2030.47600007057,-95.2261617880002
2031.47699999809,-95.3353923588676
2032.47699999809,-95.4954409942668
2033.47799992561,-95.5679680106311
2034.48399996758,-95.75043666609
2035.4849998951,-95.8733621001636
2036.48599982262,-96.0528737997706
2037.48699975014,-96.1476304408768
2038.4880001545,-96.2815968605656
2039.48900008202,-96.3545435237525
2040.49799990654,-96.5225926481124
2041.49900007248,-96.5870880905663
2042.5,-96.7096307911952
2043.50099992752,-96.8174664249393
2044.5070002079,-96.9049453021682
2045.50900006294,-97.072155132883
2046.52699995041,-97.1721515308436
2047.52699995041,-97.2763094264618
2048.52800011635,-97.4553956508181
2049.52900004387,-97.4738601110128
2050.52999997139,-97.5550870277087
2051.53399991989,-97.6139424945791
2052.54099988937,-97.8177101690946
2053.54099988937,-97.8632690486784
2054.54199981689,-97.8809311286057
2055.54299974442,-98.0605807676775
2056.54299974442,-98.163100875002
2057.55399990082,-98.2552269522294
2058.55500006676,-98.3985169140556
2059.55500006676,-98.5520765661794
2060.55599999428,-98.6571534106268
2061.55799984932,-98.756912785845
2062.55999994278,-98.8359054717725
2063.56599998474,-98.9971256212182
2064.56599998474,-99.0745698880826
2065.56699991226,-99.2226022475661
2066.56699991226,-99.3230882334865
2067.56999993324,-99.476779996647
2068.56999993324,-99.5913882638337
2069.57100009918,-99.681575417316
2070.58400011063,-99.8164646714526
2071.58500003815,-99.9473672807744
2072.58599996567,-100.063391855987
2073.58599996567,-100.219788009783
2074.58700013161,-100.318272902058
2075.58999991417,-100.459190693651
2076.59599995613,-100.613684837079
2077.59699988365,-100.750479987201
2078.59899973869,-100.812801425977
2079.59899973869,-100.911894417584
2080.60100007057,-101.092453291438
2081.60800004005,-101.225491048251
2082.60800004005,-101.336876194702
2083.60899996758,-101.410427071602
2084.6099998951,-101.481059848836
2085.61199998856,-101.710076273845
2086.62800002098,-101.813666869129
2087.6400001049,-101.939489031964
2088.64499998093,-102.050788694804
2089.64499998093,-102.201993661979
2090.64599990845,-102.371940911087
2091.64699983597,-102.366433046541
2092.64699983597,-102.513525086292
2093.64800000191,-102.635852135081
2094.64800000191,-102.777290599584
2095.64899992943,-102.844059128993
2096.64999985695,-102.932998998864
2097.65199995041,-103.012772694156
2098.65499973297,-103.166283776046
2099.65499973297,-103.37008642113
2100.65600013733,-103.443625641172
2101.65600013733,-103.608453587607
2102.65700006485,-103.866942430666
2103.65700006485,-104.022163184796
2104.65799999237,-104.139619610511
2105.65900015831,-104.203324329553
2106.66999983788,-104.289219817151
2107.6709997654,-104.335548049243
2108.6709997654,-104.44560431409
2109.67299985886,-104.624270891623
2110.67299985886,-104.685172136754
2111.6740000248,-104.806852230025
2112.6740000248,-105.006553604542
2113.67299985886,-105.141198064699
2114.6740000248,-105.212027065679
2115.6779999733,-105.2702705476
2116.68499994278,-105.454724754229
2117.6859998703,-105.6147053913
2118.68699979782,-105.798619496926
2119.68799996376,-105.886043975493
2120.68799996376,-105.935711896881
2121.68799996376,-105.958512707576
2122.68899989128,-106.124247945984
2123.6899998188,-106.291846338571
2124.6930000782,-106.281598019176
2125.69499993324,-106.498312575293
2126.69600009918,-106.702494068203
2127.69600009918,-106.921893586861
2128.6970000267,-107.016397662749
2129.6970000267,-107.083809262059
2130.69900012016,-107.004002539008
2131.70000004768,-107.065758620258
2132.7009999752,-107.248534239597
2133.70000004768,-107.487161742529
2134.70399999619,-107.66308701605
2135.70499992371,-107.808383899949
2136.70999979973,-107.988606667783
2137.71099996567,-108.006690337343
2138.71200013161,-108.062357654047
2139.71300005913,-108.213953125904
2140.71500015259,-108.317600062659
2141.71500015259,-108.445405833855
2142.71600008011,-108.64254658563
2143.71700000763,-108.714063341125
2144.72000002861,-108.767220548131
2145.72000002861,-108.897967732704
2146.72099995613,-109.070681542347
2147.72300004959,-109.260579500813
2148.72499990463,-109.349810792089
2149.72699975967,-109.45762311212
2150.72799992561,-109.548235740853
2151.72900009155,-109.630843995007
2152.72900009155,-109.791590098968
2153.73000001907,-109.902590569166
2154.73300004005,-110.067470971453
2155.73399996758,-110.170173702858
2156.7349998951,-110.309640215856
2157.7349998951,-110.399907024522
2158.7349998951,-110.360918726207
2159.73699998856,-110.616611866592
2160.73799991608,-110.79495982339
2161.74000000954,-110.93878794341
2162.74099993706,-111.119080652381
2163.74199986458,-111.219619094154
2164.74199986458,-111.350323536921
2165.74800014496,-111.469676144574
2166.74900007248,-111.584698230156
2167.74900007248,-111.640707481308
2168.75099992752,-111.816698810347
2169.75300002098,-111.922500322687
2170.7539999485,-112.070031437355
2171.75500011444,-112.139422759406
2172.75600004196,-112.25281871355
2173.75699996948,-112.375773289764
2174.75899982452,-112.481444633876
2175.75899982452,-112.596099528488
2176.76499986649,-112.791041020063
2177.76599979401,-112.918034696945
2178.76599979401,-112.999924111634
2179.76999998093,-113.067951581511
2180.77100014687,-113.164788971446
2181.77300000191,-113.341108635268
2182.77300000191,-113.481494097095
2183.77499985695,-113.541045089718
2184.77600002289,-113.690573412412
2185.77699995041,-113.832058504339
2186.77900004387,-113.97548640563
2187.78099989891,-114.016592366152
2188.78299975395,-114.151726414268
2189.78400015831,-114.255437463732
2190.78500008583,-114.40862021084
2191.78600001335,-114.536416267989
2192.78600001335,-114.668537018782
2193.79699993134,-114.8367435107
2194.79799985886,-114.889100280248
2195.79899978638,-115.009855596262
2196.80800008774,-115.114633248068
2197.80999994278,-115.285542187811
2198.81100010872,-115.328878493483
2199.81100010872,-115.373646649655
2200.81699991226,-115.440244211841
2201.82400012016,-115.565600100429
2202.8259999752,-115.636124080339
2203.82700014114,-115.790319031125
2204.82700014114,-115.912912244797
2205.82800006866,-116.022708173189
2206.82700014114,-116.182222536014
2207.82800006866,-116.331706174092
2208.83500003815,-116.449689101144
2209.84000015259,-116.496083388754
2210.84100008011,-116.606673926176
2211.84200000763,-116.740467435832
2212.84300017357,-116.864224392313
2213.84400010109,-116.938892384596
2214.84599995613,-117.082568965486
2215.84599995613,-117.213026671463
2216.85699987411,-117.289680214917
2217.85799980164,-117.38529946338
2218.85900020599,-117.534029291426
2219.86000013351,-117.655445162623
2220.86199998856,-117.78578241442
2221.86400008202,-117.897002422076
2222.867000103,-118.05260979527
2223.87599992752,-118.176040359778
2224.87700009346,-118.255938394869
2225.87700009346,-118.458008054
2226.88499999046,-118.559974460656
2227.88499999046,-118.664994963632
2228.8869998455,-118.855887640493
2229.8869998455,-119.049863555814
2230.89399981499,-119.243142002574
2231.89900016785,-119.280949072795
2232.89900016785,-119.357987292503
2233.90000009537,-119.450505817222
2234.90100002289,-119.629803807799
2235.90199995041,-119.771494837518
2236.90400004387,-119.926556281281
2237.90499997139,-120.10511211868
2238.90999984741,-120.178668824008
2239.90999984741,-120.24878869957
2240.91099977493,-120.337713026966
2241.91199994087,-120.465192406188
2242.91399979591,-120.5009847831
2243.91899991035,-120.570459645953
2244.92100000381,-120.705550952264
2245.92100000381,-120.863794717764
2246.92199993134,-121.018797877245
2247.92199993134,-121.188370164147
2248.92199993134,-121.310388306247
2249.93400001526,-121.466951541648
2250.93400001526,-121.613289771366
2251.93400001526,-121.661310190414
2252.93400001526,-121.744798537209
2253.93600010872,-121.956201452525
2254.93600010872,-122.144212943099
2255.94499993324,-122.295256657096
2256.9470000267,-122.328857545045
2257.94799995422,-122.446170202867
2258.94899988174,-122.545451646981
2259.94999980927,-122.662630250957
2260.95500016212,-122.811422248901
2261.95600008965,-122.90995959703
2262.95700001717,-123.094549800314
2263.95799994469,-123.207508622351
2264.95899987221,-123.283068364132
2265.96799993515,-123.386870725637
2266.97000002861,-123.568179523905
2267.97399997711,-123.56789004531
2268.97499990463,-123.633768768031
2269.97600007057,-123.832609478
2270.97699999809,-123.985535774271
2271.97799992561,-124.095399700991
2272.9849998951,-124.316062045735
2273.9880001545,-124.500827101862
2274.98900008202,-124.580084009863
2275.99000000954,-124.688723966684
2276.99000000954,-124.843950549242
2277.99399995804,-124.941110445531
2278.99399995804,-125.073349707695
2279.99500012398,-125.223659039753
2280.99500012398,-125.281142883213
2281.99500012398,-125.440839870117
2283.00699973106,-125.588619664383
2284.00699973106,-125.730773082732
2285.00699973106,-125.802423892073
2286.00900006294,-125.921216970629
2287.00900006294,-126.016198977622
2288.00999999046,-126.115311397322
2289.01300001144,-126.243398875875
2290.01300001144,-126.368041753427
2291.03299999237,-126.489731560745
2292.03299999237,-126.595977976429
2293.03299999237,-126.771679826874
2294.03500008583,-126.892796505429
2295.03600001335,-127.037170554881
2296.0490000248,-127.130922763546
2297.04999995232,-127.294491769513
2298.05100011826,-127.368907196579
2299.05100011826,-127.524895360407
2300.0529999733,-127.630865897162
2301.05399990082,-127.740352918865
2302.05499982834,-127.860035804111
2303.0569999218,-127.944516926491
2304.0569999218,-128.094262843834
2305.05799984932,-128.356637305621
2306.05900001526,-128.392113004606
2307.05999994278,-128.484491647051
2308.07099986076,-128.664663901841
2309.0720000267,-128.765408281407
2310.07299995422,-128.82660871918
2311.07399988174,-128.984452265951
2312.07299995422,-129.162644798
2313.07399988174,-129.330777463163
2314.07500004768,-129.342984134396
2315.0759999752,-129.392871593243
2316.0759999752,-129.6374382644
2317.07699990273,-129.771288115527
2318.07699990273,-129.772207064356
2319.07899975777,-129.939111874001
2320.07899975777,-129.901378630535
2321.07999992371,-130.028230482333
2322.07999992371,-130.188405400341
2323.08500003815,-130.315746840099
2324.08400011063,-130.401677298265
2325.08500003815,-130.520773455082
2326.08500003815,-130.655684080122
2327.08599996567,-130.768534104834
2328.08800005913,-130.954629985375
2329.08999991417,-131.05717923484
2330.08999991417,-131.132443669598
2331.09299993515,-131.301827503991
2332.10599994659,-131.448190990231
2333.10700011253,-131.527508125322
2334.10700011253,-131.611853251047
2335.10899996758,-131.798596087107
2336.11299991608,-131.913080014494
2337.1139998436,-132.011724217138
2338.11500000954,-132.121953392018
2339.11599993706,-132.215052816737
2340.11699986458,-132.312682872892
2341.12000012398,-132.528274485197
2342.1210000515,-132.619856575802
2343.12400007248,-132.718524092158
2344.12400007248,-132.889304806483
2345.125,-133.043798949911
2346.12699985504,-133.05256879138
2347.12699985504,-133.170685772278
2348.12800002098,-133.350139187604
2349.12800002098,-133.437783203629
2350.1289999485,-133.529992821659
2351.12999987602,-133.640175369115
2352.13100004196,-133.64568711928
2353.13399982452,-133.824073932265
2354.1400001049,-134.107498733511
2355.14299988747,-134.17216125757
2356.14299988747,-134.287865269238
2357.14400005341,-134.469869593259
2358.14499998093,-134.593723690208
2359.14700007439,-134.674466847373
2360.14700007439,-134.765673975771
2361.14800000191,-134.834375600498
2362.14899992943,-134.914009413515
2363.14999985695,-135.086000498075
2364.15500020981,-135.20250689001
2365.15600013733,-135.27965973547
2366.15799999237,-135.483303070186
2367.15799999237,-135.597013759446
2368.15899991989,-135.737645958063
2369.16000008583,-135.815129081114
2370.16199994087,-135.944057796122
2371.16400003433,-136.117927577337
2372.16400003433,-136.203961004399
2373.16499996185,-136.308472491321
2374.16499996185,-136.319657244829
2375.16599988937,-136.496474267849
2376.16599988937,-136.680194092538
2377.16699981689,-136.822625332625
2378.16999983788,-136.849049482784
2379.17100000381,-136.880076148325
2380.17199993134,-136.991931454643
2381.17299985886,-137.138800071318
2382.17299985886,-137.294298647187
2383.1740000248,-137.447683446468
2384.17499995232,-137.586483575854
2385.17499995232,-137.743105095536
2386.17499995232,-137.850200518912
2387.17600011826,-137.954525496135
2388.1779999733,-138.067243409811
2389.18099999428,-138.205660805753
2390.18299984932,-138.371023024762
2391.18499994278,-138.453691506006
2392.18899989128,-138.618830301939
2393.1899998188,-138.72972780324
2394.19200015068,-138.819405940669
2395.1930000782,-138.991103661015
2396.1930000782,-139.133529072674
2397.19400000572,-139.231800255919
2398.19600009918,-139.341450473609
2399.19600009918,-139.493040117038
2400.19600009918,-139.568083071529
2401.1970000267,-139.646399659798
2402.19799995422,-139.781848443031
2403.20499992371,-139.959634927923
2404.20499992371,-140.064857483073
2405.20599985123,-140.185385490391
2406.20699977875,-140.255664676321
2407.20799994469,-140.413690847173
2408.20799994469,-140.453720491307
2409.20899987221,-140.63012758155
2410.21100020409,-140.69237519357
2411.21100020409,-140.773487484514
2412.20999979973,-140.941513295161
2413.21399998665,-141.096417371365
2414.21399998665,-141.269265234854
2415.21399998665,-141.347270973624
2416.22000002861,-141.410406449523
2417.22699999809,-141.461770443486
2418.22799992561,-141.685613167159
2419.23300004005,-141.905051542004
2420.23300004005,-142.022826588454
2421.23300004005,-142.051189662358
2422.23399996758,-142.123281489424
2423.23500013351,-142.238624138551
2424.24499988556,-142.358141885
2425.24900007248,-142.528091076918
2426.25,-142.654173576208
2427.25300002098,-142.800416608267
2428.25499987602,-142.840049919291
2429.25600004196,-142.860323135003
2430.27300000191,-143.058258495808
2431.27399992943,-143.206073260643
2432.28800010681,-143.282250815802
2433.28900003433,-143.381777053897
2434.28900003433,-143.512265844824
2435.28999996185,-143.64370661234
2436.29499983788,-143.743333876521
2437.29399991035,-143.878281414939
2438.29399991035,-143.998681196839
2439.29499983788,-144.100299840619
2440.29600000381,-144.199726995436
2441.30500006676,-144.300345092393
2442.30599999428,-144.361580500734
2443.30700016022,-144.549481251175
2444.30700016022,-144.769069222341
2445.30700016022,-144.925929707574
2446.30800008774,-145.054996362047
2447.30800008774,-145.163867513182
2448.30999994278,-145.279392786388
2449.31399989128,-145.37862371746
2450.31399989128,-145.474926834819
2451.31500005722,-145.560486216397
2452.31599998474,-145.746411129714
2453.31599998474,-145.873445605592
2454.31699991226,-145.982885999871
2455.3189997673,-146.210932963007
2456.32099986076,-146.353760536205
2457.32300019264,-146.403752906757
2458.3220000267,-146.50780394786
2459.32300019264,-146.689235143119
2460.32500004768,-146.815970426355
2461.32500004768,-146.941357399893
2462.3259999752,-147.087013703524
2463.32699990273,-147.104215337632
2464.32800006866,-147.202377723554
2465.34200000763,-147.404956398738
2466.34599995613,-147.573658307044
2467.34700012207,-147.749494211335
2468.34700012207,-147.841868968161
2469.34800004959,-147.936106879167
2470.35500001907,-148.074751583804
2471.35699987411,-148.236096073049
2472.35799980164,-148.34922586231
2473.35899972916,-148.421076781016
2474.36000013351,-148.541416335826
2475.36500000954,-148.710244526741
2476.36599993706,-148.825136444094
2477.36599993706,-148.955158960774
2478.36599993706,-149.063960170772
2479.36699986458,-149.174791616556
2480.36699986458,-149.248354150311
2481.36800003052,-149.336555752623
2482.36800003052,-149.508529351898
2483.36899995804,-149.608127473939
2484.36999988556,-149.719842897983
2485.36899995804,-149.799952699295
2486.37499976158,-149.974630689204
2487.37499976158,-150.126280559723
2488.37599992752,-150.204678745986
2489.37599992752,-150.31416188207
2490.37700009346,-150.485002823486
2491.37700009346,-150.612163581973
2492.37700009346,-150.691399119071
2493.37800002098,-150.804802844452
2494.37900018692,-150.822785487924
2495.37900018692,-150.920522398595
2496.38100004196,-151.099264745694
2497.38199996948,-151.204394045994
2498.382999897,-151.320162170371
2499.382999897,-151.487620680684
2500.382999897,-151.631458514751
2501.382999897,-151.741573063879
2502.38400006294,-151.812982964859
2503.38499999046,-151.858217395279
2504.38599991798,-151.993176590553
2505.38700008392,-152.138729925288
2506.38800001144,-152.215274671417
2507.38999986649,-152.27708515133
2508.38999986649,-152.395781089418
2509.39099979401,-152.515677683693
2510.39399981499,-152.578022436181
2511.39500021935,-152.712855348846
2512.39500021935,-152.944694675861
2513.39600014687,-153.054646029002
2514.39700007439,-153.153385429305
2515.39700007439,-153.2647589189
2516.39899992943,-153.415573381393
2517.40000009537,-153.523803405438
2518.40000009537,-153.612210945543
2519.40100002289,-153.760025710378
2520.40400004387,-153.837485519717
2521.40400004387,-153.948909522356
2522.40499997139,-154.141719752059
2523.40699982643,-154.244593450688
2524.40699982643,-154.37855015633
2525.40799999237,-154.471268790413
2526.40799999237,-154.580299251916
2527.40799999237,-154.736749804373
2528.40999984741,-154.847742503334
2529.41299986839,-154.959590038414
2530.41299986839,-155.110048966793
2531.41399979591,-155.224573693177
2532.41499996185,-155.355190709523
2533.41600012779,-155.414154973718
2534.41700005531,-155.507934381714
2535.41799998283,-155.651307884343
2536.41900014877,-155.69700858901
2537.41900014877,-155.640667117456
2538.42100000381,-155.607647129507
2539.4240000248,-155.585073627508
2540.43300008774,-155.578271851925
2541.43400001526,-155.6275220693
2542.4350001812,-155.6583117121
2543.4350001812,-155.583068648244
2544.43600010872,-155.55950431347
2545.43899989128,-155.557920923838
2546.44199991226,-155.595217035197
2547.44099998474,-155.666578365943
2548.44099998474,-155.741059848527
2549.44099998474,-155.770699348183
2550.44599986076,-155.68460763684
2551.44699978828,-155.571914979686
2552.44799995422,-155.694465451553
2553.44899988174,-155.613432815793
2554.45100021362,-155.674658510087
2555.45399999619,-155.685343961589
2556.46399998665,-155.660849021129
2557.46599984169,-155.741394011738
2558.46599984169,-155.770425412063
2559.46599984169,-155.744758957556
2560.46899986267,-155.682319007409
2561.47000002861,-155.73833214418
2562.47099995613,-155.710336261246
2563.47200012207,-155.658795471631
2564.47300004959,-155.662201216446
