x,y
0,-72
1,-72
2,-72
3,-72
4,-72
5,-72
6,-72
7,-72
8,-69
9,-69
10,-70
11,-70
12,-68
13,-68
14,-70
15,-70
16,-69
17,-71
18,-70
19,-69
20,-68
21,-68
22,-69
23,-69
24,-68
25,-70
26,-71
27,-71
28,-70
29,-70
30,-69
31,-69
32,-70
33,-70
34,-70
35,-70
36,-70
37,-70
38,-69
39,-69
40,-71
41,-69
42,-70
43,-70
44,-69
45,-69
46,-70
47,-69
48,-69
49,-69
50,-70
51,-70
52,-70
53,-71
54,-68
55,-69
56,-69
57,-69
58,-69
59,-68
60,-68
61,-70
62,-70
63,-70
64,-70
65,-69
66,-68
67,-69
68,-68
69,-69
70,-70
71,-69
72,-69
73,-69
74,-68
75,-68
76,-68
77,-69
78,-70
79,-70
80,-71
81,-70
82,-68
83,-68
84,-68
85,-69
86,-69
87,-68
88,-69
89,-70
90,-70
91,-69
92,-69
93,-68
94,-68
95,-69
96,-70
97,-70
98,-68
99,-68
100,-68
101,-70
102,-68
103,-68
104,-68
105,-69
106,-70
107,-70
108,-70
109,-70
110,-70
111,-68
112,-69
113,-70
114,-69
115,-68
116,-68
117,-68
118,-69
119,-70
120,-70
121,-69
122,-68
123,-68
124,-70
125,-70
126,-70
127,-70
128,-70
129,-70
130,-71
131,-68
132,-69
133,-69
134,-68
135,-68
136,-70
137,-70
138,-70
139,-70
140,-70
141,-70
142,-70
143,-70
144,-70
145,-70
146,-70
147,-70
148,-69
149,-68
150,-69
151,-69
152,-68
153,-69
154,-69
155,-68
156,-68
157,-69
158,-68
159,-68
160,-68
161,-68
162,-68
163,-69
164,-68
165,-68
166,-70
167,-70
168,-70
169,-69
170,-68
171,-70
172,-70
173,-70
174,-70
175,-68
176,-68
177,-68
178,-68
179,-70
180,-70
181,-70
182,-68
183,-68
184,-70
185,-70
186,-70
187,-70
188,-70
189,-70
190,-70
191,-70
192,-70
193,-70
194,-68
195,-69
196,-70
197,-69
198,-68
199,-70
200,-70
201,-70
202,-70
203,-70
204,-70
205,-69
206,-68
207,-70
208,-68
209,-68
210,-69
211,-69
212,-69
213,-69
214,-70
215,-70
216,-68
217,-68
218,-68
219,-70
220,-70
221,-70
222,-70
223,-68
224,-69
225,-69
226,-68
227,-70
228,-70
229,-70
230,-68
231,-69
232,-68
233,-68
234,-70
235,-70
236,-68
237,-68
238,-68
239,-68
240,-68
241,-68
242,-70
243,-70
244,-70
245,-68
246,-68
247,-68
248,-69
249,-68
250,-68
251,-69
252,-70
253,-70
254,-70
255,-70
256,-70
257,-68
258,-69
259,-70
260,-70
261,-70
262,-70
263,-70
264,-70
265,-70
266,-70
267,-68
268,-68
269,-69
270,-70
271,-70
272,-68
273,-69
274,-68
275,-68
276,-70
277,-70
278,-70
279,-70
280,-70
281,-70
282,-69
283,-68
284,-70
285,-68
286,-69
287,-68
288,-68
289,-69
290,-68
291,-68
292,-70
294,-70
295,-70
296,-70
297,-70
298,-70
299,-70
300,-70
301,-70
302,-70
303,-69
304,-68
305,-68
306,-70
307,-69
308,-68
309,-69
310,-70
311,-70
312,-70
313,-70
314,-70
315,-70
316,-70
317,-70
318,-69
319,-69
320,-70
321,-68
322,-68
323,-69
324,-70
325,-70
326,-70
327,-70
328,-69
329,-69
330,-70
331,-70
332,-69
333,-68
334,-70
335,-70
336,-70
337,-70
338,-69
339,-68
340,-70
341,-70
342,-70
343,-68
344,-69
345,-70
346,-70
347,-70
348,-70
349,-70
350,-68
351,-69
352,-68
353,-68
354,-69
355,-68
356,-68
357,-69
358,-68
359,-69
360,-70
361,-70
362,-70
363,-70
364,-68
365,-68
366,-69
367,-69
368,-68
369,-68
370,-70
371,-70
372,-68
373,-69
374,-70
375,-70
376,-70
377,-70
378,-70
379,-70
380,-70
381,-70
382,-70
383,-70
384,-70
385,-68
386,-69
387,-69
388,-68
389,-68
390,-70
391,-70
392,-70
393,-70
394,-69
395,-69
396,-69
397,-68
398,-70
399,-68
400,-69
401,-69
402,-69
403,-70
404,-70
405,-70
406,-70
407,-70
408,-70
409,-70
410,-70
411,-70
412,-70
413,-70
414,-69
415,-69
416,-69
417,-70
418,-70
419,-69
420,-69
421,-70
422,-70
423,-70
424,-70
425,-70
426,-70
427,-68
428,-69
429,-70
430,-69
431,-69
432,-69
433,-69
434,-69
435,-68
436,-68
437,-70
438,-70
439,-68
440,-68
441,-69
442,-70
443,-69
444,-68
445,-68
446,-70
447,-70
448,-70
449,-69
450,-69
451,-69
452,-69
453,-68
454,-70
455,-70
456,-70
457,-69
458,-69
459,-69
460,-68
461,-70
462,-69
463,-69
464,-70
465,-69
466,-69
467,-70
468,-69
469,-69
470,-70
471,-69
472,-68
473,-68
474,-68
475,-68
476,-68
477,-69
478,-69
479,-69
480,-70
481,-69
482,-70
483,-70
484,-70
485,-69
486,-69
487,-70
488,-70
489,-70
490,-69
491,-69
492,-69
493,-69
494,-70
495,-71
496,-70
497,-70
498,-69
499,-69
500,-69
501,-69
502,-69
503,-71
504,-71
505,-70
506,-70
507,-70
508,-70
509,-70
510,-71
511,-71
512,-71
513,-71
514,-71
515,-71
516,-71
517,-70
518,-69
519,-70
520,-71
521,-71
522,-71
523,-72
524,-70
525,-70
526,-70
527,-70
528,-70
529,-71
530,-71
531,-71
532,-71
533,-71
534,-71
535,-70
536,-70
537,-71
538,-72
539,-71
540,-70
541,-70
542,-70
543,-70
544,-71
545,-72
546,-71
547,-71
548,-71
549,-71
550,-71
551,-71
552,-72
553,-72
554,-70
555,-70
556,-71
557,-71
558,-72
559,-72
560,-70
561,-71
562,-72
563,-71
564,-71
565,-72
566,-70
567,-71
568,-72
569,-71
570,-71
571,-71
572,-72
573,-71
574,-70
575,-71
576,-71
577,-71
578,-72
579,-72
580,-72
581,-72
582,-71
583,-70
584,-70
585,-72
586,-72
587,-71
588,-70
589,-70
590,-71
591,-72
592,-72
593,-72
594,-72
595,-72
596,-70
597,-70
598,-70
599,-71
600,-71
601,-71
602,-71
603,-70
604,-71
605,-71
606,-70
607,-72
608,-72
609,-72
610,-72
611,-72
612,-72
613,-72
614,-72
615,-72
616,-71
617,-71
618,-72
619,-72
620,-72
621,-72
622,-72
623,-70
624,-71
625,-70
626,-71
627,-73
628,-72
629,-70
630,-72
631,-72
632,-73
633,-72
634,-72
635,-72
636,-72
637,-72
638,-72
639,-72
640,-72
641,-72
642,-73
643,-73
644,-71
645,-71
646,-72
647,-71
648,-70
649,-73
650,-71
651,-72
652,-72
653,-71
654,-71
655,-70
656,-70
657,-72
658,-73
659,-71
660,-71
661,-71
662,-73
663,-72
664,-71
665,-71
666,-73
667,-72
668,-72
669,-74
670,-72
671,-72
672,-72
673,-71
674,-72
675,-73
676,-73
677,-72
678,-72
679,-72
680,-72
681,-71
682,-71
683,-71
684,-71
685,-72
686,-71
687,-72
688,-74
689,-71
690,-71
691,-71
692,-71
693,-72
694,-75
695,-73
696,-72
697,-72
698,-72
699,-73
700,-72
701,-72
702,-74
703,-72
704,-72
705,-72
706,-72
707,-73
708,-72
709,-72
710,-72
711,-73
712,-73
713,-75
714,-72
715,-72
716,-72
717,-72
718,-72
719,-73
720,-73
721,-73
722,-74
723,-75
724,-73
725,-72
726,-72
727,-72
728,-74
729,-74
730,-75
731,-73
732,-72
733,-72
734,-74
735,-72
736,-74
737,-75
738,-74
739,-72
740,-72
741,-74
742,-72
743,-74
744,-72
745,-73
746,-75
747,-74
748,-72
749,-72
750,-74
751,-75
752,-75
753,-72
754,-72
755,-75
756,-73
757,-73
758,-73
759,-73
760,-73
761,-73
762,-75
763,-72
764,-75
765,-74
766,-74
767,-74
768,-74
769,-72
770,-73
771,-75
772,-76
773,-73
774,-73
775,-74
776,-73
777,-72
778,-75
779,-75
780,-79
781,-73
782,-74
783,-74
784,-73
785,-74
786,-72
787,-74
788,-75
789,-72
790,-72
791,-72
792,-76
793,-73
794,-72
795,-72
796,-72
797,-75
798,-72
799,-75
800,-75
801,-73
802,-74
803,-75
804,-72
805,-75
806,-72
807,-74
808,-73
809,-74
810,-76
811,-75
812,-76
813,-72
814,-74
815,-75
816,-74
817,-72
818,-72
819,-75
820,-74
821,-74
822,-74
823,-74
824,-75
825,-75
826,-75
827,-73
828,-74
829,-73
830,-73
831,-73
832,-73
833,-73
834,-75
835,-75
836,-75
837,-73
838,-74
839,-74
840,-74
841,-75
842,-74
843,-73
844,-73
845,-73
846,-74
847,-73
848,-73
849,-73
850,-74
851,-76
852,-75
853,-74
854,-75
855,-74
856,-74
857,-75
859,-74
860,-74
861,-74
862,-73
863,-73
864,-75
865,-76
866,-75
867,-74
868,-73
869,-73
870,-74
871,-75
872,-75
873,-75
874,-74
875,-73
876,-73
877,-73
878,-75
879,-79
880,-76
881,-74
882,-74
883,-74
884,-74
885,-79
886,-75
887,-76
888,-75
889,-75
890,-75
891,-73
892,-77
893,-75
894,-74
895,-75
896,-73
897,-73
898,-77
899,-77
900,-80
901,-75
902,-74
903,-74
904,-74
905,-74
906,-74
907,-76
908,-74
909,-74
910,-74
911,-75
912,-75
913,-75
914,-75
915,-75
916,-75
917,-75
918,-77
919,-75
920,-76
921,-74
922,-75
923,-75
924,-74
925,-74
926,-75
927,-75
928,-75
929,-75
930,-74
931,-73
932,-73
933,-73
934,-75
935,-76
936,-82
937,-76
938,-75
939,-74
940,-75
941,-77
942,-75
943,-78
944,-77
945,-74
946,-74
947,-75
948,-78
949,-75
950,-75
951,-74
952,-74
953,-75
954,-74
955,-76
956,-75
957,-75
958,-76
959,-75
960,-75
961,-74
962,-86
963,-76
964,-75
965,-76
966,-75
967,-74
968,-74
969,-74
970,-81
971,-77
972,-76
973,-77
974,-76
975,-77
976,-76
977,-76
978,-75
979,-75
980,-75
981,-74
982,-74
983,-76
984,-75
985,-74
986,-75
987,-75
988,-75
989,-74
990,-74
991,-76
992,-80
993,-75
994,-73
995,-76
996,-76
997,-75
998,-75
999,-75
1000,-75
1001,-75
1002,-76
1003,-75
1004,-75
1005,-75
1006,-76
1007,-73
1008,-73
1009,-76
1010,-73
1011,-76
1012,-76
1013,-76
1014,-76
1015,-75
1016,-73
1017,-76
1018,-76
1019,-75
1020,-75
1021,-76
1022,-76
1023,-75
1024,-76
1025,-74
1026,-75
1027,-75
1028,-75
1029,-75
1030,-74
1031,-74
1032,-73
1033,-73
1034,-74
1035,-75
1036,-74
1037,-73
1038,-74
1039,-73
1040,-75
1041,-76
1042,-74
1043,-73
1044,-73
1045,-76
1046,-73
1047,-75
1048,-74
1049,-73
1050,-73
1051,-72
1052,-72
1053,-72
1054,-72
1055,-73
1056,-74
1057,-75
1058,-73
1059,-73
1060,-77
1061,-75
1062,-73
1063,-73
1064,-74
1065,-73
1066,-73
1067,-76
1068,-75
1069,-75
1070,-76
1071,-73
1072,-73
1073,-74
1074,-76
1075,-76
1076,-74
1077,-73
1078,-75
1079,-75
1080,-75
1081,-74
1082,-73
1083,-73
1084,-74
1085,-74
1086,-73
1087,-74
1088,-73
1089,-74
1090,-74
1091,-74
1092,-74
1093,-75
1094,-75
1095,-74
1096,-73
1097,-73
1098,-73
1099,-74
1100,-74
1101,-75
1102,-73
1103,-72
1104,-72
1105,-72
1106,-74
1107,-74
1108,-73
1109,-74
1110,-74
1111,-74
1112,-76
1113,-72
1114,-74
1115,-74
1116,-75
1117,-72
1118,-73
1119,-73
1120,-73
1121,-75
1122,-75
1123,-75
1124,-73
1125,-73
1126,-73
1127,-74
1128,-74
1129,-73
1130,-72
1131,-72
1132,-74
1133,-76
1134,-72
1135,-72
1136,-74
1137,-74
1138,-73
1139,-72
1140,-72
1141,-73
1142,-72
1143,-72
1144,-73
1145,-73
1146,-73
1147,-75
1148,-73
1149,-72
1150,-72
1151,-73
1152,-73
1153,-73
1154,-73
1155,-72
1156,-72
1157,-72
1158,-73
1159,-72
1160,-73
1161,-75
1162,-72
1163,-72
1164,-72
1165,-72
1166,-72
1167,-72
1168,-72
1169,-71
1170,-71
1171,-73
1172,-73
1173,-73
1174,-73
1175,-72
1176,-72
1177,-72
1178,-72
1179,-73
1180,-73
1181,-72
1182,-72
1183,-72
1184,-72
1185,-72
1186,-72
1187,-72
1188,-72
1189,-72
1190,-72
1191,-71
1192,-72
1193,-73
1194,-72
1195,-72
1196,-73
1197,-72
1198,-72
1199,-72
1200,-72
1201,-72
1202,-72
1203,-72
1204,-72
1205,-72
1206,-72
1207,-72
1208,-72
1209,-72
1210,-72
1211,-72
1212,-72
1213,-72
1214,-72
1215,-72
1216,-71
1217,-71
1218,-71
1219,-72
1220,-72
1221,-71
1222,-71
1223,-72
1224,-72
1225,-72
1226,-72
1227,-72
1228,-71
1229,-71
1230,-72
1231,-72
1232,-71
1233,-71
1234,-72
1235,-72
1236,-72
1237,-72
1238,-72
1239,-72
1240,-72
1241,-72
1242,-72
1243,-71
1244,-71
1245,-72
1246,-72
1247,-72
1248,-72
1249,-71
1250,-71
1251,-72
1252,-72
1253,-72
1254,-73
1255,-71
1256,-72
1257,-72
1258,-71
1259,-71
1260,-72
1261,-72
1262,-72
1263,-72
1264,-72
1265,-72
1266,-72
1267,-72
1268,-71
1269,-71
1270,-71
1271,-71
1272,-72
1273,-71
1274,-71
1275,-71
1276,-71
1277,-72
1278,-72
1279,-71
1280,-71
1281,-71
1282,-71
1283,-71
1284,-71
1285,-71
1286,-71
1287,-71
1288,-71
1289,-71
1290,-71
1291,-71
1292,-71
1293,-72
1294,-71
1295,-71
1296,-71
1297,-71
1298,-71
1299,-71
1300,-71
1301,-71
1302,-71
1303,-71
1304,-71
1305,-71
1306,-71
1307,-72
1308,-71
1309,-70
1310,-70
1311,-71
1312,-71
1313,-71
1314,-71
1315,-71
1316,-71
1317,-71
1318,-71
1319,-71
1320,-71
1321,-71
1322,-71
1323,-71
1324,-71
1325,-71
1326,-71
1327,-71
1328,-71
1329,-71
1330,-71
1331,-71
1332,-71
1333,-70
1334,-70
1335,-71
1336,-72
1337,-71
1338,-70
1339,-71
1340,-71
1341,-71
1342,-71
1343,-71
1344,-70
1345,-70
1346,-71
1347,-71
1348,-71
1349,-71
1350,-71
1351,-71
1352,-70
1353,-70
1354,-71
1355,-70
1356,-70
1357,-71
1358,-71
1359,-71
1360,-71
1361,-72
1362,-72
1363,-72
1364,-71
1365,-70
1366,-70
1367,-71
1368,-71
1369,-71
1370,-71
1371,-71
1372,-71
1373,-71
1374,-72
1375,-71
1376,-71
1377,-71
1378,-71
1379,-71
1380,-71
1381,-71
1382,-72
1383,-71
1384,-70
1385,-70
1386,-71
1387,-71
1388,-72
1389,-71
1390,-71
1391,-70
1392,-70
1393,-71
1394,-71
1395,-72
1396,-71
1397,-71
1398,-71
1399,-71
1400,-71
1401,-71
1402,-72
1403,-71
1404,-71
1405,-71
1406,-71
1407,-72
1408,-71
1409,-71
1410,-72
1411,-72
1412,-71
1413,-71
1414,-71
1415,-71
1416,-72
1417,-71
1418,-71
1419,-72
1420,-72
1421,-71
1422,-71
1423,-72
1424,-72
1425,-71
1426,-71
1427,-72
1428,-72
1429,-71
1430,-70
1431,-71
1432,-71
1433,-71
1434,-71
1435,-71
1436,-71
1437,-72
1438,-72
1439,-71
1440,-71
1441,-71
1442,-71
1443,-71
1444,-71
1445,-72
1446,-71
1447,-71
1448,-71
1449,-70
1450,-70
1451,-71
1452,-71
1453,-72
1454,-72
1455,-71
1456,-71
1457,-72
1458,-72
1459,-72
1460,-72
1461,-70
1462,-70
1463,-70
1464,-70
1465,-72
1466,-71
1467,-72
1468,-72
1469,-72
1470,-72
1471,-72
1472,-72
1473,-70
1474,-72
1475,-71
1476,-71
1477,-71
1478,-71
1479,-72
1480,-72
1481,-72
1482,-72
1483,-72
1484,-72
1486,-72
1487,-72
1488,-72
1489,-72
1490,-72
1491,-72
1492,-72
1493,-72
1494,-72
1495,-72
1496,-72
1497,-72
1498,-72
1499,-72
1500,-72
1501,-72
1502,-72
1503,-71
1504,-73
1505,-77
1506,-73
1507,-72
1508,-72
1509,-73
1510,-72
1511,-72
1512,-72
1513,-72
1514,-72
1515,-73
1516,-73
1517,-73
1518,-72
1519,-72
1520,-73
1521,-72
1522,-72
1523,-72
1524,-72
1525,-72
1526,-72
1527,-72
1528,-72
1529,-72
1530,-72
1531,-72
1532,-73
1533,-72
1534,-72
1535,-72
1536,-73
1537,-73
1538,-72
1539,-73
1540,-73
1541,-73
1542,-73
1543,-73
1544,-73
1545,-72
1546,-72
1547,-72
1548,-72
1549,-73
1550,-73
1551,-73
1552,-73
1553,-73
1554,-73
1555,-72
1556,-72
1557,-72
1558,-72
1559,-73
1560,-74
1561,-73
1562,-73
1563,-73
1564,-73
1565,-73
1566,-73
1567,-73
1568,-73
1569,-72
1570,-72
1571,-74
1572,-74
1573,-74
1574,-74
1575,-73
1576,-73
1577,-73
1578,-73
1579,-73
1580,-74
1581,-75
1582,-74
1583,-73
1584,-73
1585,-73
1586,-73
1587,-73
1588,-74
1589,-74
1590,-75
1591,-74
1592,-74
1593,-73
1594,-73
1595,-75
1596,-74
1597,-74
1598,-73
1599,-73
1600,-73
1601,-74
1602,-74
1603,-74
1604,-74
1605,-74
1606,-74
1607,-74
1608,-74
1609,-74
1610,-74
1611,-73
1612,-73
1613,-74
1614,-74
1615,-74
1616,-75
1617,-75
1618,-80
1619,-75
1620,-75
1621,-74
1622,-74
1623,-74
1624,-74
1625,-74
1626,-75
1627,-74
1628,-75
1629,-74
1630,-74
1631,-74
1632,-74
1633,-74
1634,-74
1635,-74
1636,-74
1637,-74
1638,-74
1639,-74
1640,-75
1641,-74
1642,-74
1643,-74
1644,-75
1645,-75
1646,-75
1647,-74
1648,-74
1649,-74
1650,-74
1651,-73
1652,-79
1653,-74
1654,-74
1655,-74
1656,-74
1657,-75
1658,-74
1659,-75
1660,-74
1661,-81
1662,-75
1663,-74
1664,-74
1665,-75
1666,-75
1667,-75
1668,-74
1669,-74
1670,-76
1671,-76
1672,-74
1673,-75
1674,-75
1675,-74
1676,-74
1677,-74
1678,-73
1679,-74
1680,-74
1681,-74
1682,-74
1683,-74
1684,-73
1685,-73
1686,-75
1687,-75
1688,-76
1689,-76
1690,-75
1691,-74
1692,-76
1693,-75
1694,-75
1695,-74
1696,-75
1697,-74
1698,-74
1699,-77
1700,-74
1701,-74
1702,-74
1703,-74
1704,-74
1705,-73
1706,-74
1707,-74
1708,-74
1709,-75
1710,-75
1711,-74
1712,-74
1713,-76
1714,-74
1715,-74
1716,-74
1717,-76
1718,-74
1719,-75
1720,-75
1721,-74
1722,-74
1723,-75
1724,-75
1725,-77
1726,-76
1727,-75
1728,-75
1729,-76
1730,-75
1731,-75
1732,-75
1733,-74
1734,-74
1735,-75
1736,-75
1737,-83
1738,-76
1739,-75
1740,-75
1741,-75
1742,-74
1743,-74
1744,-75
1745,-79
1746,-76
1747,-75
1748,-74
1749,-75
1750,-82
1751,-76
1752,-77
1753,-76
1754,-75
1755,-74
1756,-75
1757,-90
1758,-75
1759,-75
1760,-75
1761,-75
1762,-75
1763,-75
1764,-75
1765,-75
1766,-75
1767,-75
1768,-75
1769,-75
1770,-75
1771,-75
1772,-75
1773,-75
1774,-75
1775,-75
1776,-75
1777,-75
1778,-75
1779,-75
1780,-75
1781,-75
1782,-75
1783,-75
1784,-75
1785,-75
1786,-74
1787,-77
1788,-76
1789,-75
1790,-75
1791,-74
1792,-74
1793,-75
1794,-75
1795,-74
1796,-76
1797,-75
1798,-74
1799,-74
1800,-74
1801,-74
1802,-78
1803,-74
1804,-76
1805,-76
1806,-76
1807,-76
1808,-75
1809,-74
1810,-74
1811,-75
1812,-75
1813,-74
1814,-76
1815,-77
1816,-77
1817,-76
1818,-75
1819,-74
1820,-76
1821,-75
1822,-76
1823,-77
1824,-76
1825,-76
1826,-75
1827,-78
1828,-79
1829,-80
1830,-75
1831,-75
1832,-76
1833,-74
1834,-77
1835,-79
1836,-76
1837,-77
1838,-76
1839,-76
1840,-74
1841,-77
1842,-77
1843,-79
1844,-74
1845,-74
1846,-77
1847,-74
1848,-74
1849,-75
1850,-76
1851,-75
1852,-77
1853,-77
1854,-76
1855,-74
1856,-76
1857,-77
1858,-79
1859,-75
1860,-75
1861,-76
1862,-75
1863,-75
1864,-76
1865,-77
1866,-77
1867,-76
1868,-76
1869,-76
1870,-76
1871,-76
1872,-77
1873,-77
1874,-75
1875,-75
1876,-76
1877,-75
1878,-74
1879,-74
1880,-74
1881,-75
1882,-77
1883,-80
1884,-75
1885,-76
1886,-76
1887,-76
1888,-76
1889,-75
1890,-75
1891,-75
1892,-76
1893,-76
1894,-76
1895,-74
1896,-76
1897,-75
1898,-75
1899,-78
1900,-75
1901,-76
1902,-74
1903,-75
1904,-78
1905,-80
1906,-75
1907,-76
1908,-77
1909,-77
1910,-78
1911,-77
1912,-80
1913,-77
1914,-78
1915,-74
1916,-74
1917,-78
1918,-76
1919,-75
1920,-79
1921,-76
1922,-74
1923,-74
1924,-74
1925,-75
1926,-79
1927,-83
1928,-75
1929,-75
1930,-76
1931,-77
1932,-76
1933,-83
1934,-75
1935,-76
1936,-78
1937,-75
1938,-75
1939,-78
1940,-77
1941,-75
1942,-79
1943,-74
1944,-75
1945,-74
1946,-75
1947,-80
1948,-75
1949,-75
1950,-75
1951,-77
1952,-74
1953,-74
1954,-74
1955,-76
1956,-84
1957,-75
1958,-74
1959,-77
1960,-74
1961,-76
1962,-77
1963,-79
1964,-75
1965,-74
1966,-78
1967,-76
1968,-76
1969,-81
1970,-74
1971,-75
1972,-77
1973,-77
1974,-76
1975,-81
1976,-75
1977,-76
1978,-76
1979,-77
1980,-77
1981,-73
1982,-73
1983,-75
1984,-76
1985,-75
1986,-75
1987,-76
1988,-76
1989,-76
1990,-82
1991,-76
1992,-76
1993,-76
1994,-76
1995,-73
1996,-75
1997,-81
1998,-73
1999,-73
2000,-73
2001,-76
2002,-73
2003,-75
2004,-74
2005,-73
2006,-74
2007,-76
2008,-76
2009,-76
2010,-74
2011,-75
2012,-76
2013,-76
2014,-76
2015,-76
2016,-75
2017,-76
2018,-76
2019,-79
2020,-76
2021,-75
2022,-73
2023,-77
2024,-76
2025,-74
2026,-73
2027,-74
2028,-76
2029,-75
2030,-73
2031,-76
2032,-73
2033,-74
2034,-76
2035,-75
2036,-74
2037,-75
2038,-75
2039,-75
2040,-74
2041,-74
2043,-76
2044,-75
2045,-75
2046,-75
2047,-86
2048,-76
2049,-76
2050,-74
2051,-73
2052,-74
2053,-73
2054,-75
2055,-74
2056,-73
2057,-73
2058,-75
2059,-76
2060,-76
2061,-73
2062,-74
2063,-76
2064,-76
2065,-76
2066,-76
2067,-76
2068,-76
2069,-78
2070,-74
2071,-73
2072,-75
2073,-77
2074,-73
2075,-75
2076,-77
2077,-75
2078,-75
2079,-75
2080,-75
2081,-76
2082,-76
2083,-76
2084,-76
2085,-76
2086,-76
2087,-76
2088,-72
2089,-76
2090,-77
2091,-75
2092,-75
2093,-75
2094,-74
2095,-82
2096,-77
2097,-74
2098,-74
2099,-74
2100,-75
2101,-76
2102,-73
2103,-75
2104,-73
2105,-74
2106,-76
2107,-75
2108,-72
2109,-76
2110,-72
2111,-74
2112,-76
2113,-76
2114,-76
2115,-76
2116,-76
2117,-73
2118,-74
2119,-81
2120,-75
2121,-75
2122,-76
2123,-72
2124,-74
2125,-75
2126,-76
2127,-74
2128,-72
2129,-74
2130,-75
2131,-72
2132,-74
2133,-75
2134,-73
2135,-74
2136,-76
2137,-72
2138,-75
2139,-76
2140,-76
2141,-76
2142,-76
2143,-76
2144,-72
2145,-72
2146,-73
2147,-73
2148,-73
2149,-75
2150,-75
2151,-72
2152,-75
2153,-80
2154,-75
2155,-75
2156,-75
2157,-75
2158,-73
2159,-72
2160,-72
2161,-74
2162,-74
2163,-72
2164,-73
2165,-72
2166,-75
2167,-76
2168,-74
2169,-77
2170,-73
2171,-77
2172,-76
2173,-76
2174,-80
2175,-76
2176,-76
2177,-76
2178,-76
2179,-76
2180,-77
2181,-78
2182,-73
2183,-74
2184,-75
2185,-75
2186,-75
2187,-75
2188,-78
2189,-74
2190,-73
2191,-76
2192,-72
2193,-72
2194,-75
2195,-76
2196,-74
2197,-76
2198,-72
2199,-75
2200,-76
2201,-76
2202,-75
2203,-75
2204,-75
2205,-75
2206,-75
2207,-72
2208,-74
2209,-77
2210,-74
2211,-74
2212,-75
2213,-72
2214,-72
2215,-75
2216,-78
2217,-73
2218,-76
2219,-75
2220,-75
2221,-76
2222,-72
2223,-73
2224,-76
2225,-75
2226,-76
2227,-76
2228,-75
2229,-78
2230,-75
2231,-74
2232,-73
2233,-76
2234,-75
2235,-76
2236,-79
2237,-75
2238,-74
2239,-74
2240,-75
2241,-76
2242,-75
2243,-80
2244,-72
2245,-73
2246,-75
2247,-74
2248,-74
2249,-75
2250,-75
2251,-76
2252,-75
2253,-75
2254,-75
2255,-75
2256,-74
2257,-74
2258,-73
2259,-75
2260,-74
2261,-72
2262,-74
2263,-72
2264,-72
2265,-74
2266,-75
2267,-73
2268,-72
2269,-74
2270,-72
2271,-72
2272,-73
2273,-74
2274,-73
2275,-74
2276,-74
2277,-75
2278,-75
2279,-75
2280,-75
2281,-74
2282,-75
2283,-75
2284,-75
2285,-75
2286,-75
2287,-75
2288,-75
2289,-72
2290,-75
2291,-73
2292,-72
2293,-74
2294,-74
2295,-74
2296,-72
2297,-73
2298,-74
2299,-74
2300,-75
2301,-73
2302,-74
2303,-72
2304,-72
2305,-74
2306,-73
2307,-74
2308,-74
2309,-74
2310,-74
2311,-74
2312,-73
2313,-75
2314,-72
2315,-72
2316,-72
2317,-72
2318,-72
2319,-73
2320,-73
2321,-76
2322,-73
2323,-73
2324,-73
2325,-72
2326,-74
2327,-74
2328,-74
2329,-73
2330,-72
2331,-73
2332,-74
2333,-72
2334,-72
2335,-72
2336,-72
2337,-73
2338,-73
2339,-74
2340,-72
2341,-72
2342,-72
2343,-73
2344,-73
2345,-72
2346,-72
2347,-73
2348,-74
2349,-74
2350,-74
2351,-74
2352,-73
2353,-74
2354,-72
2355,-73
2356,-74
2357,-74
2358,-74
2359,-74
2360,-74
2361,-74
2362,-73
2363,-72
2364,-75
2365,-73
2366,-73
2367,-74
2368,-74
2369,-74
2370,-73
2371,-73
2372,-73
2373,-73
2374,-72
2375,-76
2376,-74
2377,-73
2378,-72
2379,-72
2380,-73
2381,-72
2382,-73
2383,-74
2384,-73
2385,-72
2386,-72
2387,-72
2388,-73
2389,-73
2390,-73
2391,-73
2392,-73
2393,-73
2394,-73
2395,-74
2396,-72
2397,-72
2398,-72
2399,-73
2400,-72
2401,-72
2402,-72
2403,-72
2404,-75
2405,-73
2406,-72
2407,-72
2408,-72
2409,-72
2410,-72
2411,-76
2412,-72
2413,-72
2414,-72
2415,-72
2416,-73
2417,-72
2418,-72
2419,-71
2420,-71
2421,-72
2422,-72
2423,-73
2424,-73
2425,-71
2426,-71
2427,-72
2428,-72
2429,-72
2430,-73
2431,-72
2432,-72
2433,-75
2434,-73
2435,-73
2436,-73
2437,-73
2438,-73
2439,-72
2440,-75
2441,-72
2442,-73
2443,-72
2444,-72
2445,-73
2446,-73
2447,-76
2448,-73
2449,-72
2450,-71
2451,-73
2452,-71
2453,-72
2454,-73
2455,-73
2456,-72
2457,-72
2458,-72
2459,-72
2460,-73
2461,-73
2462,-73
2463,-73
2464,-72
2465,-71
2466,-71
2467,-72
2468,-73
2469,-74
2470,-73
2471,-73
2472,-73
2473,-73
2474,-73
2475,-71
2476,-71
2477,-73
2478,-70
2479,-70
2480,-71
2481,-72
2482,-73
2483,-71
2484,-72
2485,-72
2486,-73
2487,-72
2488,-72
2489,-71
2490,-71
2491,-73
2492,-73
2493,-72
2494,-72
2495,-72
2496,-73
2497,-73
2498,-72
2499,-72
2500,-72
2501,-73
2502,-73
2503,-73
2504,-74
2505,-71
2506,-70
2507,-73
2508,-73
2509,-72
2510,-70
2511,-70
2512,-72
2513,-73
2514,-73
2515,-70
2516,-72
2517,-72
2518,-72
2519,-72
2520,-72
2521,-70
2522,-72
2523,-70
2524,-70
2525,-70
2526,-70
2527,-71
2528,-70
2529,-73
2530,-70
2531,-71
2532,-73
2533,-73
2534,-72
2535,-70
2536,-70
2537,-71
2538,-70
2539,-70
2540,-72
2541,-72
2542,-73
2543,-73
2544,-73
2545,-73
2546,-72
2547,-71
2548,-70
2549,-72
2550,-72
2551,-72
2552,-70
2553,-70
2554,-70
2555,-72
2556,-72
2557,-73
2558,-73
2559,-71
2560,-70
2561,-71
2562,-72
2563,-72
2564,-70
