b_1,b_2
0,0
18.8642748752371,3
19.7477216708019,2
20.084872524661,2
20.715125431597,2
21.0641334010492,2
21.3318890685936,2
21.5903922909207,2
21.7807103722854,2
21.9877733205512,2
22.1433589493511,3
22.3258621412298,3
22.466578955709,3
22.6235336111446,2
22.744612264786,2
22.8596777181734,2
23.0992270015784,2
23.2748306367415,2
23.3981860492237,3
23.573111227776,3
23.6880883204328,2
23.8039495508969,2
23.8735801931683,3
23.974249800962,3
24.0937068920267,3
24.2284746444895,2
24.3261877870859,3
24.44411489118,2
24.5338130016441,2
24.6416058350674,3
24.7311162305463,3
24.8253117638338,2
24.8977225094494,2
24.9701065033889,2
25.0512920517419,2
25.1014439963678,3
25.17524110011,2
25.2357568814126,2
25.3125275056588,2
25.4021668704267,2
25.4767452857498,3
25.5267433091794,2
25.6004203315202,2
25.651871076259,4
25.7051291927712,3
25.7647649677609,3
25.8134146070323,4
25.8826151256341,2
25.9545309375065,2
26.0142201720502,2
26.0632489319586,3
26.103043889718,5
26.1431320662491,3
26.1874154337455,2
26.2206527124664,2
26.2664513018677,6
26.3103496214297,2
26.3785369354709,2
26.4272237291425,3
26.4681709556257,2
26.4996126327094,3
26.5313189197417,3
26.5537418031555,3
26.5858950553355,2
26.6149794662227,4
26.6448109041356,2
26.6881929903966,2
26.7394553970782,3
26.7761459016811,3
26.8274487229688,2
26.8560050464951,4
26.8886700827824,3
26.9161423518077,3
26.9532510932199,3
26.9905435983151,2
27.0221511779991,2
27.050266507779,4
27.0861362946472,2
27.1227760224326,2
27.1529850031493,3
27.1854024841623,3
27.2166884001586,2
27.2364081232019,2
27.2682267657225,2
27.2834985072973,2
27.3063118883103,3
27.3372911480995,2
27.3653178153304,3
27.4021007363445,2
27.4353927262298,2
27.4597294104569,2
27.4791761498609,2
27.4995574979029,2
27.5239165089693,2
27.5483136761865,2
27.5731741702989,4
27.6107850249435,2
27.6358411517001,3
27.6650505985143,3
27.6900643499886,3
27.7146628479246,2
27.7374336888037,2
27.7604857524958,3
27.7810382514643,3
27.8111435830148,3
27.8339586170733,3
27.8544453818871,3
27.8728162405027,3
27.8980541674336,3
27.919869329866,2
27.9387771590887,3
27.967412585049,2
27.989491560276,2
28.0101544447669,3
28.034903418814,3
28.0592005318732,2
28.0769048566018,2
28.0984762723532,2
28.1131114561807,3
28.1342244130555,3
28.1507799688676,2
28.1692234384733,2
28.1864600212438,3
28.2046218849908,2
28.2212773712816,4
28.2406041269859,3
28.2635714006916,3
28.283478933351,2
28.301767906783,3
28.328782892162,2
28.3469672520398,3
28.3683950207239,3
28.3917331995294,3
28.4135764063598,2
28.4427848034615,3
28.4696928222199,2
28.4849696925481,3
28.5076629050451,3
28.5310036700591,2
28.5493602607368,3
28.5666468219864,2
28.5868288963153,4
28.6027960678556,3
28.6192223589654,3
28.6337115661456,4
28.6490066094888,3
28.6692767499539,3
28.6897546970386,2
28.7088073348171,3
28.7210118386403,3
28.7362496245067,3
28.7522562511175,2
28.7693972320908,2
28.7858555942167,2
28.8066808788293,3
28.8243956698373,3
28.8440961766362,2
28.8630579147467,4
28.8763588133413,2
28.8921539945828,3
28.9077994327696,4
28.9258685169893,3
28.9391809999007,3
28.9525289848909,5
28.9688816688339,4
28.9858925239947,3
28.9973493075377,4
29.0084527330749,2
29.016196383993,3
29.0366266871575,3
29.0480173408478,2
29.0655768426545,4
29.0830662197169,3
29.0950581174962,3
29.1143575683939,4
29.1352362592831,4
29.1488569711686,3
29.1628965229686,3
29.1812665612815,3
29.201842166744,3
29.216441248533,4
29.2304342231635,4
29.247330076659,3
29.2626363307628,3
29.2796092073772,3
29.2910042762953,5
29.3034205712437,3
29.3208681232936,3
29.3313007207614,3
29.3462815420816,3
29.3645481303968,2
29.3772906689069,3
29.3944635274253,3
29.4084048099064,3
29.4269295989455,3
29.4399323233453,3
29.4530358631837,3
29.4698484660422,4
29.4840665415646,3
29.4965143689077,3
29.5122529101006,3
29.5341018451409,3
29.5507636755905,3
29.5672959206676,3
29.5844544315277,3
29.5995760026172,3
29.6125963512096,3
29.6257205693769,3
29.6375576450321,3
29.6516418545483,3
29.6637024930736,4
29.6784865346215,3
29.6962570247454,3
29.7146705638218,4
29.7306740026932,3
29.742519421831,3
29.7588007045384,3
29.7733959314004,3
29.7868499740656,2
29.8008327881158,3
29.8127600008182,3
29.8221941899647,4
29.8355765016053,4
29.8449541370729,3
29.8521649337156,3
29.8639796863729,3
29.8764543697443,3
29.8890642157283,3
29.9031201682233,3
29.9120850719363,3
29.9271634780767,3
29.9388127574381,3
29.9544506561612,4
29.9724157839239,3
29.9868138873833,3
29.9981918918503,4
30.0084654435082,3
30.0216615213869,4
30.036264700585,3
30.0501382842692,3
30.0627567638833,3
30.0717857422962,3
30.0827430800733,3
30.1013010182742,4
30.1123279870462,3
30.1228720718442,3
30.1332977179097,2
30.1464816437466,3
30.159096146838,3
30.1750467046719,3
30.1875187043783,4
30.2016659477581,4
30.2142146233666,3
30.2247740042488,3
30.2383218827489,3
30.2524721471997,3
30.2631064583163,3
30.2758717503637,4
30.2879811832367,3
30.2998292011111,3
30.3115822337884,3
30.3261159401751,2
30.338101391638,4
30.3472401537796,3
30.3562779557781,3
30.3693768827421,3
30.3765324978098,4
30.3886301109377,3
30.4039411238935,3
30.4151029202619,3
30.4222578328456,3
30.4328151624123,3
30.4417813806343,3
30.4496309694731,3
30.4610432733461,3
30.4735822654016,3
30.48433196254,3
30.4964028724352,3
30.5083014077396,4
30.521190198068,3
30.5324488325691,3
30.5424421657707,3
30.5532120042738,3
30.5647041861938,3
30.5753204220201,4
30.5839901198539,4
30.5953984183344,3
30.6045984542359,4
30.6156517767013,3
30.628761843961,3
30.6409595395612,3
30.6502057957092,4
30.6605779786018,3
30.6718536335026,3
30.682723062162,4
30.6911467512856,4
30.6992574745132,4
30.7080627944356,3
30.7178653654952,3
30.7278023061082,3
30.7399529694672,3
30.7473025738651,3
30.7576803409404,4
30.7675318101703,3
30.7798508809776,3
30.7910504252597,3
30.7998603135667,3
30.808212242666,3
30.8205964210044,4
30.8292659052886,3
30.8386718099389,3
30.8466761656619,4
30.8571457038629,3
30.8652295543194,3
30.8719388976109,4
30.8801450511621,3
30.8894251709135,3
30.8976130572365,4
30.9051195779746,3
30.9139623858735,3
30.924317246705,3
30.931046640398,3
30.9433796444451,4
30.9528875253736,3
30.9631571262712,3
30.9761207365651,3
30.9822362575304,3
30.9923496216241,3
31.0023574966459,3
31.0115974976903,3
31.0227678276053,3
31.032598756346,3
31.0428404833483,3
31.0503039845069,3
31.0559702220343,3
31.0675443684179,4
31.079714910631,3
31.090140501599,4
31.102889771644,3
31.1133415786947,3
31.1255964664279,3
31.1350045111155,5
31.1452677915932,3
31.1530092012946,3
31.1597804410753,3
31.1687892870877,5
31.177089882457,3
31.1869308218636,3
31.1931258571757,3
31.2038123059327,5
31.2125680896439,3
31.2182397286436,3
31.2255907123759,4
31.2352068192332,5
31.2434379079631,4
31.2515431137396,3
31.2602586756626,3
31.269289900859,3
31.2768481050098,3
31.285377811988,3
31.2940233227813,4
31.3019651864262,3
31.3089860471739,3
31.3173596405379,3
31.3243243985279,3
31.3312134574686,3
31.3426111045353,3
31.3517261582785,4
31.3618171275821,5
31.3694121044965,3
31.3766598407668,3
31.3851114793495,4
31.3952066243566,4
31.4023468438718,3
31.4089515662666,3
31.4156397257508,5
31.4233826463532,3
31.4305061067074,3
31.437492265675,4
31.4452609908327,4
31.451112731236,4
31.4590490824695,4
31.4673573655199,3
31.4714786701261,3
31.4800957641558,3
31.4878751349264,3
31.4948816172321,4
31.5030574901313,4
31.5131378958295,3
31.5221031166788,3
31.530564409835,3
31.5410620138113,4
31.5516474121223,3
31.5591805906475,3
31.5687208274302,3
31.5771484680812,4
31.5862915372444,3
31.5973541897984,3
31.6082215374594,3
31.6153059778585,3
31.6226278395477,3
31.6281051166387,3
31.6353695616516,3
31.6456136364358,3
31.6526955721935,3
31.6604043199121,3
31.6693275310724,3
31.6768633972869,3
31.6846457339148,3
31.6923744360685,4
31.6999370147805,3
31.7083110842235,4
31.7170468887192,3
31.7245790974227,3
31.7323478028415,4
31.7410993822631,5
31.7483375014913,4
31.7571887139741,3
31.7651602009571,4
31.7728176085424,3
31.7811980811519,4
31.785889397896,3
31.7944311831949,5
31.8020137128302,3
31.808898148986,3
31.8165108730567,4
31.8230231136205,4
31.8292387787505,5
31.83583997361,3
31.8451529021135,3
31.8515631698863,3
31.8611362569161,3
31.8683209437362,5
31.8735759894914,4
31.8829512342958,4
31.8910887077586,4
31.8961152513238,4
31.9040316874576,3
31.9101346623982,3
31.9165717771792,3
31.9230579861084,3
31.9304009657553,3
31.9372011953398,4
31.9458700643288,4
31.9529517649088,4
31.961301032906,3
31.9688065747641,4
31.9774283542677,3
31.9834695253663,4
31.9924226490879,3
32.0020647704,3
32.0081839989346,5
32.0170978233513,3
32.024272895941,3
32.0313829542584,4
32.0385519043403,4
32.0478494334922,3
32.053060451667,3
32.0598803424986,4
32.0675654221036,3
32.0736620760232,3
32.0816630870952,3
32.0896646333494,3
32.0961514046419,3
32.1039471903687,3
32.1098838807949,4
32.1153180969627,3
32.1213627768758,4
32.1291966494002,3
32.135969594379,4
32.1420059544437,3
32.1493190557391,3
32.1593631301352,4
32.1683606133198,3
32.1754055346085,4
32.1820214996125,4
32.1876515291753,3
32.1961651214292,4
32.20416612085,4
32.2096371831261,3
32.2164708682389,3
32.2238691639659,3
32.2297663460258,4
32.2359895670454,4
32.243175985169,4
32.2522518190584,3
32.2612633545785,3
32.2681190452911,3
32.2747780479631,3
32.2818167559932,4
32.2875633793583,3
32.2942659444627,3
32.3012286696684,3
32.3086994156476,4
32.3131473419696,4
32.3181964081244,3
32.324684633719,5
32.3324379768536,4
32.3410313383537,3
32.3468539480498,3
32.3530400910364,3
32.3592914010423,4
32.3671135886609,4
32.3791900758882,3
32.3875226991356,4
32.3928774062711,4
32.3995189076457,4
32.4071227935444,5
32.4150224642033,3
32.4208994945819,3
32.4283493252821,3
32.4370062269007,3
32.4447729351482,4
32.4543944552242,4
32.4612804277285,5
32.4680684726299,5
32.4747190103263,3
32.4810560201789,3
32.4877562245987,4
32.4948358052339,4
32.5026006733322,4
32.5078067958708,3
32.5120579154804,4
32.5203209111005,3
32.5286783699366,3
32.537347433159,3
32.5439038744313,5
32.5499678917306,3
32.5557047264704,3
32.5620191804748,4
32.5697225215019,3
32.5780823566389,3
32.5844135503711,4
32.5903832057332,3
32.5983243468485,4
32.6061459556807,3
32.6124336512932,4
32.617860578373,4
32.6245227109398,3
32.631632780422,3
32.6390930502925,4
32.644962158043,4
32.6497054272209,3
32.6563964508832,3
32.6635999203488,3
32.6689855416,3
32.6753378977511,3
32.6810312629241,3
32.6882714523215,3
32.6939604355931,5
32.7045271112401,4
32.7095694519573,3
32.7165186828168,4
32.7224254279518,4
32.7287984394079,3
32.7370600980338,4
32.7458302372858,4
32.75175190242,3
32.7580648913183,3
32.7654571098076,3
32.7717057738951,3
32.7775470532115,3
32.7842717589924,4
32.7910408731183,3
32.7979011454053,3
32.8039708995462,4
32.811236621923,4
32.8171686356025,3
32.8221967830752,3
32.828778476232,3
32.8362955521421,3
32.8425946965147,5
32.8515298141189,4
32.8581832605466,3
32.8638504006992,3
32.8690090203476,4
32.8749221948661,3
32.8818543255375,6
32.8886473281739,3
32.8961853394589,3
32.9041007697816,3
32.9091896167166,3
32.9144984034086,4
32.9201922528244,4
32.9254689520239,4
32.9312667744182,4
32.9366362814506,3
32.9419581242147,4
32.949250182899,3
32.955366822631,4
32.9620848949698,4
32.9680586425917,3
32.9720422488877,4
32.9762809498933,4
32.9810474600033,4
32.9883059388868,3
32.9937605725184,3
32.9983573409177,4
33.0042005199278,3
33.0105190635974,3
33.0160331129326,6
33.0215035638478,3
33.0255565472746,4
33.0304266955971,4
33.0372538607587,4
33.0413975207361,3
33.0482501476861,3
33.0542617608357,3
33.0606735122025,4
33.0669127155632,3
33.0740528202164,3
33.079662430815,3
33.0857186933998,4
33.0923222507429,4
33.0988756204024,4
33.1033889615675,3
33.1089814869994,4
33.1141431858247,3
33.1213367912576,3
33.1269404376213,6
33.1331510453751,3
33.1401040261556,4
33.1474098370549,3
33.1519328956681,5
33.1567045209036,3
33.1618387154657,5
33.1681788108592,4
33.1724316975698,4
33.1817094497102,5
33.1901580798643,3
33.1959028782808,4
33.2016627568951,4
33.2071159579042,3
33.2112272779614,3
33.2176427168657,3
33.2227491712183,3
33.228340392747,5
33.2334548441551,4
33.2385477769063,6
33.2459504870599,3
33.2517993337028,4
33.2559564150262,5
33.2622693746346,3
33.269278381919,4
33.2761316651734,4
33.2813857330624,4
33.286943247271,4
33.292663425887,3
33.2985119694453,4
33.3038996783361,4
33.3109357718137,3
33.3151652033672,3
33.3211457976952,3
33.3264817991869,4
33.3324693272907,3
33.3367376069532,3
33.3415589077196,3
33.3478308787763,3
33.3542960450215,4
33.3620263513297,3
33.3683272259049,4
33.3748015524363,4
33.3817621711637,3
33.3881757416599,4
33.393659924236,5
33.4004448492494,3
33.4060961078653,4
33.4120816783835,5
33.417082052184,5
33.4240429338405,3
33.4278554982657,3
33.4337237195045,3
33.4378536801241,3
33.4437807412297,5
33.4489310334465,5
33.455716123643,3
33.46240539483,4
33.4668901490769,5
33.4738939469827,3
33.478558437337,4
33.4847586014227,4
33.4914470267475,3
33.498155255153,3
33.5046005551534,3
33.5102205367886,4
33.5172856488841,3
33.5242701729046,3
33.5298206512368,3
33.5361231871394,4
33.5408076357279,4
33.5463341844952,4
33.5529466459687,3
33.5589988769954,3
33.5638082332965,3
33.5681278212163,3
33.5750607965121,3
33.5802525024544,3
33.5864862013281,4
33.5914682656536,4
33.5959781564473,3
33.6014639711396,4
33.6059252964714,4
33.6119152352972,3
33.6176976167236,4
33.6232382710995,3
33.6274416583444,4
33.6315432067403,4
33.6360672937989,5
33.6408359676959,3
33.6457897019123,4
33.6510195221665,3
33.6581668445265,3
33.6641054786185,3
33.669657595167,4
33.6745362113388,4
33.6790571750149,4
33.684532756645,5
33.6906160500626,4
33.6949324992455,3
33.700148665875,3
33.7063529350076,4
33.7129009223771,3
33.7176698420801,3
33.7233310008297,3
33.7299559052471,3
33.7351816128763,4
33.7412143032277,4
33.7470916576321,5
33.7522390028963,5
33.7564098872525,4
33.761951994855,4
33.7671377276599,3
33.7711330178461,3
33.7782100615792,4
33.7843112697701,4
33.790321025826,3
33.7945820581473,4
33.8009207062544,4
33.8060746558111,4
33.8114472146305,4
33.8169680481427,3
33.8215383487887,3
33.8262857862425,4
33.830367493055,3
33.834393320035,4
33.8389932550203,4
33.844014972532,5
33.8498492158314,3
33.8572138010415,3
33.8637737121942,4
33.8687681485583,3
33.8750429400992,4
33.8791302181085,4
33.8840327689521,3
33.8890232972304,3
33.8951962104298,8
33.8982001726819,3
33.9032745993306,4
33.9098107163825,4
33.9168838037582,5
33.9208847707494,4
33.927639424428,4
33.9334998560146,5
33.9380304313536,4
33.9425147123215,3
33.9478285697499,4
33.9516121115443,4
33.956193836886,3
33.9621192089084,4
33.9662619708584,3
33.9715756618419,3
33.9753243641069,3
33.9815593419335,4
33.986086277757,4
33.9930285671774,4
33.9976926720604,5
34.0019847238589,4
34.00783173322,4
34.0121813106725,3
34.0178601365727,3
34.02239589522,4
34.0266761482399,4
34.0304990296057,4
34.0341581476242,3
34.0399635468188,3
34.044876230964,4
34.0497597613277,4
34.0550198365644,4
34.061829959339,3
34.0658747740267,3
34.071266739552,6
34.0758889206585,3
34.0816435114063,4
34.0876721536717,5
34.0928522062798,4
34.0982325236706,3
34.1029137599766,3
34.1081030267928,4
34.1140083875705,3
34.1210192310915,3
34.1282590162035,3
34.1350976345525,3
34.1398076152901,4
34.146096516489,3
34.1525681143703,3
34.1566853967575,4
34.1611214535094,4
34.1665412364568,3
34.1711850071165,4
34.1769531150413,5
34.1821801018546,5
34.188050481122,4
34.1931815449639,4
34.1981997697551,3
34.204436457225,4
34.2099170435998,4
34.2157660289663,4
34.2209804933535,4
34.2260519142783,4
34.23134723779,4
34.2364154269983,3
34.2417055785797,4
34.2482332543514,5
34.2538042294135,4
34.258156435197,4
34.2624976178113,4
34.2670535150836,3
34.2714421396531,3
34.2761809207008,4
34.2814777290254,4
34.28619782534,3
34.2907069595412,3
34.296538520873,3
34.3015278485739,3
34.3062939443348,3
34.3102724126834,4
34.3155438820394,4
34.3200772275072,4
34.3265682447339,4
34.331452592966,4
34.3355978216663,5
34.3412213394188,3
34.3475244234741,4
34.3524992249764,4
34.3558482881279,3
34.3602392759794,3
34.365032518297,4
34.369847960443,4
34.3735692128751,6
34.3774761626271,3
34.3820322535935,5
34.3874362061854,4
34.3925664451611,4
34.3960740098567,4
34.4009306617127,5
34.4053124425445,4
34.4106204319076,4
34.4157681999419,5
34.4208582225131,4
34.4268568775142,4
34.4329753698585,4
34.4375922721917,4
34.4426473792686,4
34.4476193648527,4
34.4530560507533,3
34.4576189895338,5
34.4623067634292,4
34.4672187866384,5
34.4703911041958,4
34.4767557091369,5
34.4815887535987,3
34.4863493750704,4
34.4907028621182,3
34.4948424590242,5
34.5002537083101,4
34.5040389504307,4
34.5093630969987,4
34.5143519614317,3
34.5204701172503,3
34.5253981284331,5
34.5319814171997,4
34.5381229792942,4
34.543894646674,3
34.5475130860428,3
34.5522448058959,5
34.5563700714027,5
34.5603654753114,4
34.5648626700057,4
34.5702748226025,3
34.5797358611096,4
34.5858738577056,3
34.5914811278441,4
34.5982370635425,5
34.6034864511104,5
34.6079503607561,5
34.6135657503142,4
34.6194257037677,4
34.6239651152188,5
34.6284763593801,3
34.6353610426839,4
34.6393675781072,4
34.6438101616677,4
34.650604944176,4
34.6570713446276,5
34.6626550770852,6
34.6669704324322,5
34.6714466909752,4
34.6771173036713,3
34.6813682185093,4
34.6864707351784,5
34.6920285461409,3
34.6978046156813,5
34.7030982684214,3
34.7086594537371,5
34.7147832803231,5
34.7223718696465,5
34.7261848335396,4
34.730092388783,4
34.736573414789,4
34.7412425283908,3
34.7462463072781,5
34.7521225113355,4
34.7574317739555,3
34.7616111890071,4
34.765548825011,4
34.7691458475304,4
34.7742021314373,3
34.7786246991648,3
34.7834433122722,4
34.7873178629293,4
34.791919548274,4
34.7962186912895,4
34.8007301334198,5
34.8055938853705,4
34.8118456124529,3
34.815453636839,5
34.819218070383,3
34.8237545958519,4
34.8300145405058,3
34.8349646607887,5
34.8404210780063,3
34.8447116407081,4
34.8499345273881,3
34.8549117391702,4
34.860089779503,3
34.8644722373529,5
34.8687268446296,3
34.8736790354939,4
34.8802260140166,5
34.8839842949063,6
34.8872836209846,5
34.8924767768002,3
34.8965584722851,4
34.9011837937051,6
34.9050162396639,4
34.9095746648886,4
34.9147836903298,5
34.9193712788177,3
34.9227539762684,4
34.9276008615361,4
34.9329605250104,4
34.9381429878585,4
34.9433880104377,3
34.9474162864055,3
34.9526074101393,6
34.9578576254746,3
34.963239589168,5
34.9672191071427,5
34.9731518917449,3
34.9783332717258,3
34.9835457073124,5
34.987982759738,4
34.9929638231587,4
34.996537517272,4
35.0023075975463,4
35.0067831136625,4
35.0121508380089,5
35.0195430155115,4
35.0241922711903,3
35.0283430112581,4
35.0334445751142,6
35.0385935200649,5
35.0447348375815,4
35.0483158471782,4
35.053735500273,5
35.0565225417036,4
35.061635813889,3
35.0679481216051,5
35.0717474838494,4
35.07583143539,4
35.0800313891015,6
35.0845826916344,5
35.0879959000522,4
35.0922729957526,3
35.0971276528789,5
35.1029650797667,4
35.1076356244449,5
35.1125061870228,5
35.1167649361154,3
35.1214098936382,4
35.1249969776045,4
35.1288996037666,3
35.1335950505437,3
35.139235130665,4
35.143380150372,3
35.1486215504182,4
35.1526709418681,4
35.1569809673927,5
35.1606858433572,4
35.1638173305152,3
35.1694767677067,4
35.1735018871028,4
35.1772593598768,4
35.1821303847223,5
35.1855794428942,5
35.1899050457866,4
35.194884172319,3
35.1990275898445,4
35.2036591367984,4
35.2100833532249,5
35.2147302840745,4
35.2209157315942,4
35.2274615749001,4
35.2329674083296,5
35.2387604387119,3
35.2433723325355,3
35.2487658819305,4
35.253162261021,5
35.2577262186918,4
35.2634895088204,3
35.2674694343815,3
35.2714770413914,4
35.2765285504727,4
35.2806617630111,4
35.2865607938354,5
35.2897583572975,4
35.2942036683298,3
35.2990549827874,3
35.3026526537784,3
35.3067452036144,3
35.3110847533002,4
35.3157128625101,4
35.3210049347868,3
35.3248049178014,5
35.3296178185389,4
35.3341284644221,4
35.3369406071096,5
35.3407387884107,4
35.3460663198651,4
35.3504477254863,3
35.353944142355,4
35.3583510224468,4
35.3619443468088,3
35.3662279998671,4
35.3705620146161,4
35.3752250383909,5
35.3801256689337,4
35.3843683823539,5
35.3880961498421,3
35.3933469921576,4
35.3988188636215,4
35.4034622053985,5
35.4075342812104,4
35.4112600455636,4
35.415389577505,6
35.4193825343448,5
35.4238039520482,3
35.4281997035075,4
35.431805680403,4
35.4359993095255,4
35.4410118974528,4
35.4453752682525,5
35.4492145733756,6
35.454875469575,5
35.4591143249124,4
35.4640448530061,4
35.4691654113392,5
35.4735725778412,3
35.4768889840247,3
35.4812687000168,5
35.4870427158503,4
35.4910956941809,6
35.495895460708,6
35.4983037139193,3
35.5024677935213,4
35.5069553538361,5
35.511892272786,4
35.5166847826743,4
35.5228074126183,3
35.5287712024912,4
35.5345894344835,5
35.539330704251,3
35.5442321901717,4
35.549754198908,4
35.5548650959072,4
35.5591738500887,3
35.5629878926071,5
35.5675197281453,4
35.5721369497758,4
35.5766573211366,4
35.580452304565,4
35.5827840773204,5
35.5868130204592,3
35.5910694048576,4
35.5952464206802,3
35.5999104180732,3
35.604753315194,4
35.6086175684944,5
35.6133359479525,4
35.6180910706734,4
35.6214299530704,4
35.6264833761808,4
35.6315849616308,4
35.6392720916101,4
35.6430930976026,5
35.6463225034244,5
35.649777115437,4
35.6538997845289,4
35.6573189936625,4
35.6605732841718,5
35.6653520895636,3
35.6703816062335,4
35.6764379554455,4
35.6806799708113,4
35.6840955970903,4
35.6894193510401,4
35.6937447963307,3
35.6982348706464,4
35.7021811348105,4
35.705374610126,3
35.7094293181975,4
35.7127332867197,3
35.7163706980772,6
35.7200979361766,4
35.7243669849188,4
35.7290035217431,5
35.7347075529346,3
35.7387082691933,5
35.7420282678862,5
35.7449523981306,4
35.7501708299504,5
35.7556234532609,4
35.7612914721517,4
35.7668411007592,5
35.7719851781987,3
35.7773460370119,4
35.7830442720914,4
35.7913733939499,5
35.7959007033525,3
35.7998982679875,3
35.803964675475,4
35.8078708729782,4
35.8116580375819,4
35.8151511411046,6
35.8197790467649,4
35.824581536428,4
35.8282853734353,4
35.8327926159651,4
35.8380221176349,4
35.8433133000587,3
35.8485742723775,5
35.8526261918246,4
35.8562571850111,5
35.8601794137633,4
35.864315479115,5
35.8676807625433,4
35.8717609338968,4
35.8767355865682,4
35.8809123989479,7
35.8845560859958,4
35.8891166507047,3
35.8942752974751,5
35.8986016087636,5
35.9017738881958,4
35.9058177262168,4
35.9123774805355,4
35.9173947862293,6
35.9224013555448,5
35.9271211043751,4
35.9310322488757,5
35.9350898744739,5
35.9406220674883,6
35.9440766449339,4
35.9491266228753,4
35.9539737025583,5
35.9593490644887,3
35.9639130751519,4
35.9695009554914,4
35.9735501377687,5
35.9785578114614,4
35.9832304946548,4
35.9880619409319,5
35.9917190069909,4
35.9959556571446,4
36.0006734936678,3
36.0051671717597,4
36.0100013328827,4
36.0144597950318,4
36.0186745016706,4
36.0246082420091,4
36.0302780295911,3
36.0348906357155,5
36.040046161169,4
36.0458147064076,4
36.0512567099064,6
36.056822897723,5
36.0639612989164,4
36.0685879461628,4
36.0761132329888,6
36.0814837091137,3
36.0861439733534,4
36.0896278003373,4
36.0932063888441,4
36.0967102521083,3
36.100307947903,5
36.1049224826933,4
36.1080199843035,4
36.1120023486,4
36.1169182702326,7
36.120545277927,5
36.1239968110545,4
36.1281766564534,4
36.1324336975069,5
36.137373123728,5
36.1423422709133,6
36.1476133028622,5
36.1526229153381,5
36.1582835511932,5
36.1635434321123,5
36.1691901038854,4
36.1731547038458,4
36.1768778795573,4
36.1821242843613,5
36.1861934029856,5
36.190658478736,4
36.1946350567271,4
36.1994586701502,4
36.203377110117,3
36.2070573101873,4
36.2110030089855,5
36.2158190785096,5
36.2201844975551,4
36.224459081034,4
36.2298692570574,4
36.2350297540977,4
36.2384013440714,4
36.2445059203075,4
36.2492548827063,4
36.2540540457718,4
36.2586209038712,4
36.2638412562462,5
36.2676115593995,5
36.2710135507926,5
36.2758561901557,5
36.2804957232009,4
36.2850119439621,4
36.2894164844921,4
36.2949158246901,4
36.2993633328115,6
36.3043795222178,4
36.3107252663027,5
36.3148001161846,5
36.3205390713897,5
36.3252753573612,4
36.3298579631683,4
36.3348361650671,4
36.3406848340658,5
36.3462431772164,4
36.3525937378113,4
36.3576203640298,4
36.3635855449328,4
36.3691835827593,4
36.3736502152877,4
36.3769736011916,4
36.3827163822839,5
36.386623093239,6
36.3930293362554,4
36.3981749410538,5
36.4022610337439,5
36.4078303669653,6
36.4130977661816,4
36.4177194724684,5
36.4236287028301,5
36.4279623321916,4
36.4328597933551,5
36.4380043151801,4
36.4414972509358,4
36.447225757526,4
36.4534026777474,4
36.4588372380867,6
36.4643547372043,5
36.4690344447191,5
36.4739871209575,5
36.4781942027984,4
36.4844407474977,4
36.4892024065039,4
36.4950098505562,4
36.4991933318496,5
36.5033269901526,4
36.5074018991157,4
36.5127855376521,6
36.5179712848266,6
36.5235510598905,5
36.5278723092141,5
36.5324900410913,5
36.536796420422,4
36.5407357417019,4
36.545956283091,5
36.5506917830119,5
36.5562628084087,5
36.5625688853488,5
36.568071816748,4
36.5725640260449,4
36.578155174855,4
36.5823354119978,4
36.5863609406626,4
36.5914430844616,5
36.5956116738675,5
36.6012503521155,4
36.604580011727,5
36.6084274975053,5
36.6133824887548,4
36.6183450831559,4
36.6236304634867,5
36.6277535037586,4
36.6316131106422,5
36.6370884393316,4
36.6405657807056,4
36.6447543675237,4
36.6495737215161,5
36.6540122339358,4
36.6585509505763,4
36.6632112667363,5
36.6676270469589,5
36.6744088381888,5
36.6772040676539,4
36.681420016661,4
36.6865700252597,4
36.6918589409421,5
36.695794247871,4
36.7016847941772,5
36.7053214083001,5
36.7111867502495,5
36.7159035665009,4
36.7207398014773,5
36.7247685266878,5
36.7285433431563,4
36.7327665825646,4
36.7374529501731,6
36.7416477490624,4
36.7457513499554,5
36.7509354434644,4
36.7547318294486,4
36.7593945547884,5
36.7640795854932,6
36.7691121768102,4
36.773175007688,4
36.7776554307336,4
36.7807717040679,4
36.7843488044891,5
36.7889181767657,4
36.7947105505551,4
36.7989328752245,5
36.803708858213,4
36.8084680982972,4
36.812357712666,5
36.8159359644588,4
36.8201862178793,4
36.8260794441874,5
36.8320170426906,4
36.836369164046,4
36.8407084718044,4
36.8464896605059,4
36.8524648488663,4
36.8578231278789,4
36.8620472524218,4
36.8653062199386,4
36.8693892276913,5
36.8739108959498,4
36.8805985784941,4
36.8856794121432,5
36.8901899728481,4
36.894634039672,4
36.89885672911,4
36.9034112410626,5
36.9076971232169,4
36.9133455239034,4
36.9185994815015,4
36.922952499342,4
36.9268334658889,4
36.9310154259907,4
36.9363088224881,5
36.9407980653738,5
36.9443371416047,5
36.9477773157047,4
36.951827108184,5
36.9563449723075,4
36.9608736949114,4
36.9651363809295,5
36.9689245606807,5
36.9729893459405,4
36.9773072673728,4
36.9813062121705,4
36.9863199779076,5
36.9903892224881,5
36.9951469611443,5
36.9977596280202,4
37.0020686904596,6
37.005569666457,4
37.0098323552831,5
37.0148351461687,5
37.0189407218314,4
37.0220056347226,5
37.0263490858593,5
37.0297957572041,4
37.0346196246528,4
37.0382275003396,4
37.0430270742665,5
37.0466501327181,4
37.0504418984997,4
37.0561083968542,6
37.0605014741037,6
37.0649162873769,4
37.0692213111642,4
37.0736713386142,4
37.0787277280245,4
37.0835280851513,4
37.0873931495452,5
37.0899727298694,4
37.0945373366007,4
37.0998281536561,4
37.1031157817426,4
37.1073507059445,4
37.1107500074488,5
37.1157525293639,4
37.119580625908,4
37.125852507429,5
37.1304776865104,5
37.1346096991198,5
37.1401861507824,4
37.1434327426449,5
37.1467310073665,5
37.1518703030624,4
37.155613785661,4
37.1593331992945,4
37.1638023939181,4
37.1679608236861,4
37.1723656417964,6
37.1758831437168,4
37.1795811499497,4
37.1837581852898,4
37.1882459116025,6
37.1920592426765,4
37.1984625090251,5
37.2022470166683,4
37.2047519889277,4
37.2111785691723,4
37.2162607707361,6
37.2192512301168,5
37.2225747362975,4
37.2276527994076,4
37.231230137244,5
37.2347262753393,5
37.2383501713995,4
37.2432437019855,5
37.2466345750034,4
37.2520861079312,4
37.2567100930077,5
37.2615661777737,5
37.2664469767049,4
37.2713719907835,5
37.2754976622569,4
37.2800073363072,4
37.2836719647421,5
37.2874173599857,4
37.2915084731224,5
37.2952283652129,4
37.2989263395423,4
37.3040645648792,4
37.3077637258735,5
37.3133332344578,5
37.3172461419271,5
37.3219816630893,5
37.3257498710031,6
37.3299392983235,4
37.3337254775707,4
37.3375704558929,5
37.3408083624718,4
37.343152909532,4
37.347308574162,4
37.3522673510115,4
37.3558199359857,8
37.3607044643336,6
37.3652926665978,4
37.3694341303878,4
37.3729629770549,4
37.379974829617,5
37.3856724552239,4
37.389332092391,5
37.3929186174443,5
37.3958013650756,4
37.3994702916919,4
37.4035543409091,5
37.4071918527075,4
37.4119082579695,4
37.4148260143424,5
37.4189563407355,4
37.4220927746332,4
37.4275536531794,5
37.4324822142781,4
37.4383720890243,4
37.443104695599,5
37.4479101400045,4
37.4528011980517,6
37.4560801376256,4
37.461244197664,6
37.4658380785172,5
37.4711288601478,4
37.4748495740377,5
37.4786938227346,4
37.482173045404,4
37.4863547665201,5
37.490415981711,4
37.4945690570029,6
37.4989836906524,5
37.502865781557,5
37.5072615754887,5
37.5108463292516,4
37.5156093045919,4
37.5202947090891,6
37.5242750828756,5
37.5280694456797,5
37.5317347135948,4
37.5353752700433,4
37.5399420106517,4
37.5436008360748,4
37.5497227884128,4
37.5536728782014,4
37.5572819876108,6
37.5612809211609,6
37.564960213808,5
37.5689441750751,5
37.5732586285841,4
37.5776056466699,4
37.582396089155,4
37.5855606128905,5
37.5899359406504,5
37.5935175051579,5
37.5965107968439,5
37.601640694053,5
37.6055507433915,4
37.6099802555939,4
37.6133799561869,5
37.6181382147919,5
37.6218208701484,4
37.6266258624612,4
37.6313816990011,4
37.6361269992269,4
37.6401901570998,6
37.6448067190354,5
37.6485982706165,5
37.6529261517177,6
37.6569268489668,5
37.6607913684079,4
37.664190046854,4
37.6684780609086,4
37.67189698952,4
37.674751432488,4
37.6782971900481,4
37.6825620877114,4
37.6874080697989,4
37.6912323868083,4
37.6951828579519,4
37.69990201254,5
37.7037162944336,4
37.7078216466069,4
37.7117226970007,5
37.7169923216505,5
37.7216145792329,5
37.7255815477502,4
37.7296490516251,4
37.7335698902685,4
37.7370103756041,5
37.7411653084872,4
37.7455277693617,4
37.7487490669459,6
37.7523505052951,6
37.7570603852313,6
37.760442442815,4
37.7644454986317,5
37.7692208941714,4
37.7730635634169,4
37.7765103862113,5
37.7802368633841,4
37.7837057146586,5
37.7869343854715,6
37.7914374967656,5
37.7949751020977,4
37.7984261524157,4
37.8023439019271,4
37.807652118669,5
37.8135859290592,5
37.818740798641,4
37.8220820556901,4
37.8269855893743,4
37.8314795169327,4
37.8361340906836,7
37.8402222128557,5
37.8431593454433,6
37.8471418853467,4
37.8509471124975,6
37.8561459701802,5
37.859526445217,5
37.8637094988486,4
37.8684897498298,4
37.8722711750373,6
37.8765454305308,4
37.8816069919034,4
37.8858101307955,7
37.8893480460225,4
37.8938468699522,5
37.8980606213035,5
37.9014226945,5
37.9068334740422,4
37.9114600760482,5
37.9149516908792,4
37.9188640612313,5
37.9226409098009,5
37.9272325706444,6
37.932094117564,4
37.9350009313462,4
37.940565707104,4
37.9446440619781,5
37.9479436656513,7
37.9504401105154,4
37.9549825060203,5
37.9583253385239,5
37.9623573214712,4
37.9656859680653,4
37.970681741233,4
37.974865369507,4
37.9788508171896,4
37.983123552511,5
37.9866480710595,6
37.9894453105774,6
37.9930694677185,5
37.9979741628203,4
38.0035256891128,4
38.0066233374205,4
38.0117435431899,4
38.0158535657295,5
38.0191842856869,4
38.0224123121352,7
38.0268125737533,4
38.0302023561968,4
38.0337370961808,5
38.0362880419352,4
38.0405864104314,5
38.043829207574,5
38.0479794477845,5
38.0516985319986,4
38.0540521102956,4
38.0588479678474,4
38.0633070147368,4
38.0680200683066,5
38.0728148359226,4
38.0778303210356,5
38.0806866124087,4
38.0839633077017,4
38.0875985903177,4
38.0916563561423,4
38.0967055187976,4
38.1000444184045,5
38.1037009007039,4
38.1069763704248,4
38.1109453721488,4
38.11485867491,7
38.120012898425,5
38.1248807845405,4
38.1291814541651,4
38.1343698405851,5
38.1389596514741,5
38.1431254231431,5
38.1466523473842,4
38.1497647422404,4
38.154174512011,5
38.1574589663204,4
38.1606965736536,5
38.1646913176353,5
38.1684166336534,5
38.1720599384997,6
38.1752985764227,5
38.1795801894538,5
38.1830027932779,5
38.186822661481,4
38.1913910648082,5
38.1951688892052,5
38.1985126165475,4
38.2026604237502,5
38.2064093155402,5
38.211324327326,6
38.2149422205264,4
38.2186097186302,4
38.221516698816,4
38.2251331568724,4
38.2293034436713,7
38.233694061222,4
38.238182582258,5
38.24113542786,6
38.2449863153985,4
38.2472699977706,5
38.2505821699003,5
38.2553475254786,4
38.259371377941,4
38.2627173137483,5
38.2650765202763,6
38.2690538191119,5
38.2726914551258,4
38.2761927596554,5
38.2801628305986,5
38.2839398118688,5
38.2885924617443,5
38.2917466357694,4
38.2956034022721,6
38.3000187778257,5
38.3046685185349,6
38.3097478671515,4
38.3126708508677,5
38.31627459072,6
38.3210069455324,4
38.3251533982441,5
38.3289656015916,4
38.3321241591715,4
38.3376642086672,4
38.3404646994968,6
38.3442502817218,5
38.3485562892599,4
38.3533612293003,4
38.3570028401472,4
38.360682502335,4
38.3640086363472,5
38.3667604021737,4
38.3707526232085,4
38.3746128407139,6
38.379050705101,4
38.3825961453375,4
38.3869906406448,4
38.3902184052967,5
38.3934275274589,4
38.3966404867186,5
38.4000431974766,6
38.4053599092063,4
38.4090158600235,4
38.4128873537586,4
38.4174942738805,7
38.4210937208806,5
38.4244709075549,4
38.4283930910676,4
38.4316797194685,4
38.4369007185226,4
38.4403624531655,5
38.44396471338,7
38.4477072014409,4
38.452734197074,4
38.4565013482672,5
38.4586687379661,4
38.4624128236952,4
38.4664577578853,5
38.469942857968,5
38.4739262756466,4
38.4790296268093,4
38.4829835020419,4
38.4867328886377,7
38.4901536749323,4
38.4935704210702,4
38.497817139176,4
38.5020966144509,4
38.5051779088291,5
38.509268130208,4
38.5121520542699,4
38.5156413396847,6
38.519200179813,4
38.5224880634692,5
38.5261062769543,4
38.5315164553383,4
38.5348197890748,5
38.5387000198822,4
38.5421822454002,5
38.5459631751076,4
38.550235600042,4
38.5537938827098,5
38.5568499459779,6
38.5607064219463,5
38.5650619032694,6
38.5686470943979,5
38.5721823798852,5
38.5764194552528,5
38.5794883965437,6
38.5838381186092,6
38.5874012540073,4
38.5911068485367,4
38.5953503466069,4
38.5989619659905,5
38.6046925718314,5
38.6091470523886,4
38.6139232240613,4
38.6179768013167,5
38.6210421173363,5
38.6245474157227,5
38.6285701771778,5
38.6320918137733,4
38.6355381714766,6
38.6396440906603,5
38.6442168486576,4
38.6484685950988,5
38.6531981101126,5
38.6574258012728,5
38.6611886031169,4
38.6645012946528,4
38.6669184079418,5
38.6730012852613,5
38.6774103919084,4
38.6805305474124,5
38.6834473338215,4
38.6872434427354,5
38.6915471559335,5
38.694285614078,5
38.6980745984629,4
38.7016286518099,5
38.7063307482018,5
38.7098640917549,4
38.7129222522528,4
38.7176661521819,5
38.7223755077619,6
38.7251569956183,5
38.7314499713406,6
38.7360397341499,4
38.739222674406,4
38.7436883475595,6
38.7484949933352,4
38.7522540253234,5
38.7561784499191,5
38.7605176135708,5
38.7640473262488,5
38.7674220009351,5
38.771408573044,5
38.7758307780882,4
38.7803486796634,5
38.7832288072447,5
38.7880957480627,5
38.7916805477,5
38.7957691047124,5
38.7992688001498,5
38.8023369505093,4
38.8056988352302,4
38.8097894345099,6
38.8134546166955,5
38.8164374767974,5
38.8205223362163,4
38.8237422175012,5
38.8281446345053,5
38.8315075518391,5
38.8366340922447,6
38.8402816064158,5
38.8443609608074,5
38.8477323103081,7
38.8510888695694,5
38.8547924586,5
38.858667493801,5
38.8622798931928,5
38.8659496719213,5
38.8705086360112,5
38.8746820918359,5
38.877170567485,6
38.8808803875915,5
38.884381040641,6
38.8894336974359,4
38.892917790131,5
38.8968832586043,7
38.9007528049802,6
38.904308427562,4
38.9087716451496,4
38.9119686624995,5
38.9155282711343,5
38.9203102287159,6
38.9239506160144,6
38.9282032367037,6
38.9315097946612,6
38.936993356992,4
38.9412347594035,6
38.9452950755973,5
38.9497458872181,4
38.955154954236,6
38.96034225886,5
38.9647400052799,5
38.968530921439,5
38.9726301420516,6
38.9761855412812,4
38.9806660168983,5
38.9847145024694,5
38.9895070694044,5
38.9939764941853,5
38.9984574726133,6
39.002579385157,6
39.0073639059984,4
39.0103662455805,4
39.0142099696542,5
39.0181900298343,6
39.0218980505938,5
39.0263892370632,5
39.0312544031507,5
39.035381583068,6
39.0393985142079,5
39.0434684782921,4
39.0482674006877,5
39.0512335538604,6
39.0552121273085,6
39.0587745666936,4
39.0635097825717,5
39.0675833847534,4
39.071801745501,4
39.0751616625117,6
39.0802974400216,4
39.0835359090267,4
39.088207835702,6
39.093492165542,6
39.0983590383601,5
39.102341069593,5
39.1069484293539,5
39.1108803185673,4
39.1140423208144,5
39.1178050861669,5
39.1223716656957,4
39.1275204377549,6
39.1312109670851,5
39.136818886419,5
39.1396484677404,4
39.1427362157053,4
39.1461060835525,5
39.1506938338978,4
39.1550719382877,5
39.1599099751009,6
39.1643820909683,5
39.1680943518693,5
39.1721349444461,5
39.1764148912296,5
39.1796120428604,5
39.1848838494243,6
39.1910143193278,5
39.1954998289576,5
39.199495318081,5
39.2043648337177,5
39.2080016682493,4
39.2111276115889,6
39.2149610443551,6
39.2179549261409,4
39.221421060157,6
39.2250435030666,5
39.2296424149645,5
39.2338044651835,5
39.2375715419382,7
39.242030850713,5
39.2454187682239,4
39.2488096622258,4
39.253257803925,5
39.2568060411648,5
39.2600761577622,6
39.2635652650544,5
39.2678623195036,5
39.2722501733295,6
39.2747566082778,6
39.2791485070339,4
39.2840752245035,5
39.2878173524071,5
39.2921249937931,6
39.2957908364845,6
39.2994402711325,6
39.3028995932108,4
39.3070127993429,5
39.3110183925743,6
39.3154134898738,5
39.3182068687899,6
39.3226118291869,4
39.3262639691105,4
39.3309138763688,5
39.3355434474643,5
39.3405990918763,4
39.3449114863393,5
39.3487450383062,4
39.3532477946621,7
39.3588092874228,5
39.3638657670508,5
39.366887103508,6
39.37151047351,4
39.3750181485748,4
39.3795021026617,5
39.3834848565611,5
39.3899150879053,8
39.3928462036982,4
39.3974721195418,5
39.4020195324769,4
39.4062236172345,5
39.4107503506043,5
39.4156148941807,5
39.4190656212845,5
39.4239136977264,8
39.4270287790879,5
39.4307734206323,6
39.4352525375005,5
39.4398409907815,4
39.4439585074976,6
39.4505810002763,5
39.4543454144393,5
39.4572895084549,6
39.461988419674,4
39.4663444764647,5
39.4709103215466,5
39.4751814850855,5
39.4792315259301,5
39.4830561212761,5
39.4862989784247,5
39.4914114028794,4
39.4946657867142,5
39.4988276706839,4
39.5010982795855,5
39.5050033054927,4
39.5103606769527,4
39.5147044512702,4
39.5188026494059,5
39.5225815211572,4
39.5265400059993,7
39.5300642674908,7
39.5342393330601,5
39.539228883378,5
39.5441181889065,4
39.547673522802,5
39.5511270806135,7
39.5551006795167,5
39.5586902682651,6
39.5631577085547,5
39.5670106887395,4
39.571743039763,4
39.5765622734124,6
39.5804868875896,4
39.5850316919999,5
39.5891138069164,6
39.5926643293302,5
39.5985905845849,5
39.6020995203999,5
39.6057987260328,5
39.6095565042106,5
39.6134670571831,6
39.6196061125494,7
39.6232602295122,4
39.6274995346342,5
39.631505548412,6
39.6350707808229,6
39.6401793420082,6
39.6445271659204,5
39.6494365839791,5
39.6531015048907,7
39.6575765653329,6
39.6608141135535,4
39.6645119201064,6
39.6683434491838,5
39.6726890391894,5
39.6767496545449,5
39.6802921712041,5
39.6849043629779,6
39.6880116798665,6
39.6917779501225,5
39.6972012099424,5
39.7030087616315,6
39.7072766334295,4
39.711859334096,4
39.7156758545874,5
39.7196873902476,6
39.723713502862,4
39.7285539193712,5
39.7342083420054,5
39.7379505648207,5
39.7420534801522,4
39.746565428709,5
39.7505355413703,5
39.753322424996,4
39.7566448622669,5
39.7603095623652,7
39.7656923994725,5
39.7696468696664,4
39.7722586949236,5
39.776101248613,5
39.7822517918181,5
39.7863062932397,6
39.7914769595561,5
39.7959516063061,5
39.8002432567874,4
39.8047277164549,4
39.8091430476629,4
39.81416197881,6
39.8187133346135,5
39.823807234329,5
39.8292452384718,5
39.8336639570205,5
39.8374049829685,5
39.8433433948576,6
39.8480731193043,5
39.8515477465665,5
39.8570601907865,5
39.8627273837582,5
39.8676674537089,5
39.8722463141953,5
39.8771483422041,6
39.8812335658933,6
39.8862768473412,5
39.8918475385204,5
39.8967052810062,6
39.9003971478413,6
39.9053763160671,6
39.9103912096297,5
39.9151834830666,5
39.9202021742251,6
39.9245253613081,6
39.9299057058165,6
39.9343412314889,6
39.9391725648842,5
39.9427259458688,5
39.9462345240909,5
39.9500303220129,7
39.95532502614,5
39.9608846402454,5
39.9650601590541,5
39.9701230133961,5
39.9743122730759,6
39.9801332413249,6
39.9841313798607,6
39.9877201874229,7
39.9931114460419,6
39.9977972029671,5
40.0036118837043,6
40.008354012985,5
40.0130753997636,4
40.0165290710816,6
40.020534465724,5
40.0240527180113,5
40.0285059961139,5
40.0327953545046,5
40.0364158563097,5
40.0405477052621,6
40.0450020305384,6
40.0498993497503,6
40.0529156038038,5
40.0574833986832,5
40.0619705480869,5
40.0673150441728,6
40.0726303039121,5
40.0772207041165,5
40.0821574792612,6
40.0865845647956,6
40.0925593791211,5
40.0972412463103,5
40.1010450401788,5
40.105608007215,5
40.1098756792468,6
40.1147797923157,5
40.1207164516698,6
40.1237027034387,5
40.1272596718532,7
40.1320174295007,6
40.1361105741739,5
40.1410767502892,5
40.145057426686,4
40.1500020336803,5
40.1558145681663,6
40.1599920792795,6
40.1653482719706,7
40.1705481281304,5
40.1742845794241,5
40.1778547369062,5
40.1821143441484,6
40.1867229295788,5
40.1922819427944,5
40.1953973179196,5
40.2000964828195,5
40.2058928587227,5
40.2111942967668,6
40.2158807490914,5
40.220889055925,4
40.2256906831146,6
40.2299765268578,5
40.2338949855825,4
40.2393270019753,6
40.2426137416242,5
40.2467335017545,6
40.2519743307788,5
40.2558744277504,5
40.2603347086866,5
40.266807539405,6
40.2706567308382,5
40.2774891891251,7
40.2825549338533,5
40.2878791651992,4
40.2921171560221,6
40.2961206242737,5
40.2991920592002,6
40.3039997208975,5
40.3087423092357,5
40.3121110606492,6
40.3173439921672,4
40.3230739038232,7
40.3285522096925,5
40.3329670437484,6
40.3382562746399,6
40.3432896897736,6
40.3478799166653,5
40.3537773793249,5
40.3593171838606,4
40.3637572855546,5
40.3700828080606,5
40.3735560054507,4
40.3791993343428,7
40.3835404391257,4
40.387888839653,6
40.3917240526289,6
40.396098999449,6
40.4002193375239,5
40.4044799584037,5
40.408645028766,4
40.4134814223655,5
40.4181660232925,5
40.4251208681145,5
40.4295516951887,5
40.4342960955076,7
40.4376066868423,6
40.4426121997272,5
40.4488730017563,6
40.4555495773918,5
40.4613647920707,6
40.467007325025,5
40.4730678109259,4
40.4773516955194,5
40.4830133017992,5
40.4872811754124,5
40.4916892933434,4
40.4977678218404,6
40.5032121481057,5
40.5090917674917,6
40.5140195853998,5
40.5181872316057,7
40.5231057470474,6
40.5270898892907,5
40.5316408511123,5
40.5354790159855,6
40.5399544837553,5
40.5437183574337,5
40.5486086701399,6
40.5545429795715,6
40.5588882201215,5
40.5631826502453,6
40.5693182905599,6
40.5734501628171,6
40.5783025611983,5
40.5818469101968,5
40.5866378501108,6
40.5909404699643,5
40.5958039055596,6
40.5998618440215,7
40.6037756655398,5
40.6099045856219,5
40.6144927668319,6
40.6193075780539,5
40.6238390465615,6
40.6298291734036,5
40.6350045236824,5
40.6402598078153,6
40.6456969382424,6
40.6512290435378,5
40.6557066691908,5
40.6617901080894,6
40.6666461227964,8
40.6713180814684,6
40.6757640192452,6
40.6810925041299,5
40.6849532029609,5
40.6900742792248,5
40.6950390993535,5
40.6986227418634,5
40.7042839612245,5
40.7086009193273,6
40.7139931964619,5
40.7187948569829,6
40.7235339013128,6
40.7283078015499,4
40.7324159601725,4
40.7377444881017,4
40.7428970249236,7
40.7479633181683,6
40.7509985214414,5
40.7577664222033,6
40.7618390698544,5
40.7671703911178,5
40.771342272881,5
40.7757192574217,6
40.7798519679918,6
40.7860015242073,6
40.7912807479666,7
40.7957196297739,7
40.7998640182353,5
40.8037034675961,5
40.8087642566742,5
40.8131133998352,5
40.817489099861,6
40.8239513547102,7
40.8276147997927,5
40.8319738929164,5
40.8371628620624,6
40.8428811239149,6
40.8470114550662,5
40.8521459682107,6
40.8569782244623,5
40.8635754369679,7
40.8671927930215,7
40.8707782282976,5
40.8760687754376,7
40.8807382977814,6
40.8867555198151,5
40.8912001992563,6
40.8958696570656,6
40.9006444250596,7
40.9051207382135,5
40.9095261327137,5
40.9140557681527,6
40.9179749548621,6
40.9225167925494,5
40.926866297794,5
40.9312277721115,5
40.9373697973398,6
40.941646664651,6
40.948316497369,5
40.9531516316326,5
40.9581485371083,7
40.9611263498815,5
40.9661607942459,6
40.9717949365514,6
40.9763533239821,6
40.9816039301328,7
40.9877589168471,5
40.9915229244087,5
40.9962162537193,5
41.0015438365537,7
41.0061150120732,7
41.0102645303335,6
41.0155928815806,6
41.0208229285145,5
41.0252965578043,5
41.0308976354306,6
41.0350046582222,5
41.0406506664128,5
41.0449932634858,5
41.0502567478543,7
41.0548568645796,5
41.059347893018,6
41.0638613474744,5
41.0697837076091,8
41.0749686088495,5
41.0801066562736,5
41.0849530779571,6
41.0898660251573,5
41.0960784483667,6
41.1005738122442,5
41.1049614798515,5
41.1097950722115,5
41.1145016927886,4
41.1199572852022,5
41.1250654448379,5
41.1301657433338,8
41.1356492560581,5
41.1404464429993,6
41.1439965158101,5
41.1499381802144,6
41.1545843233276,5
41.1592685401617,7
41.1640217164133,6
41.1685387152488,6
41.1726117037932,5
41.1772703601069,6
41.1833342800863,5
41.189575472185,7
41.1935678984945,5
41.1992318716479,7
41.2038878692802,7
41.2076216185426,5
41.2121683626858,5
41.2164806212168,5
41.2218145775205,5
41.2274444341106,7
41.2326016239806,6
41.2363383471667,6
41.2424801550278,6
41.2466729644646,6
41.2511922264697,6
41.2565370844817,5
41.2615243232582,6
41.2667284022622,5
41.2722831125432,7
41.2776576944797,6
41.2826470793127,6
41.2870392025065,6
41.2918048225669,5
41.2978613684187,5
41.3033263448774,6
41.3074987309008,5
41.311156548326,5
41.3149959723419,5
41.3200909873004,7
41.3253114915665,5
41.3296057932831,6
41.3351929210026,6
41.3415154406601,5
41.3451569643403,6
41.3505555039829,5
41.3547995855905,5
41.3605679298088,8
41.3669648836534,6
41.3716350595503,6
41.3757618412277,6
41.379844173011,6
41.3829078494819,6
41.3885802638806,6
41.3939436591644,5
41.3987769468313,6
41.4036925503571,5
41.4084927429268,5
41.4148452290958,5
41.4201602901574,6
41.4252696269107,6
41.4297087893568,5
41.4348010927916,6
41.440718545411,6
41.4466530687408,5
41.451627996414,6
41.457157655952,5
41.4618273539787,5
41.4691166674903,5
41.4737376577484,6
41.4779286438545,5
41.482413523626,7
41.4869645029513,5
41.4923963119652,7
41.497211171059,6
41.5033826130764,6
41.5085646145599,5
41.5142800642266,5
41.5195677992811,6
41.5242964830657,6
41.5300659993465,6
41.5342199590618,6
41.5384962234492,5
41.5429757170032,5
41.5486533074061,5
41.5535167682988,5
41.5580973766533,6
41.5631868977526,7
41.5695188590996,5
41.5761172397848,5
41.5834227116221,8
41.5884577040298,5
41.5941406541308,6
41.5991989165831,6
41.6038745928206,6
41.6096673911184,5
41.6144520772636,6
41.6200198251342,6
41.6268907574733,6
41.6303095906918,5
41.636472004519,7
41.6409326986954,6
41.6464825972933,5
41.6510645454851,7
41.6561385792007,5
41.6601497713408,5
41.6653097622401,5
41.671599115051,7
41.6772342010525,6
41.6829154494264,6
41.6876844548347,7
41.6925502055026,6
41.6983660192122,5
41.7015204494333,5
41.7069872674296,6
41.7119061956157,5
41.7165613520099,6
41.7203547080363,5
41.7254200925368,6
41.7292701765377,6
41.7349867855095,7
41.740214853965,5
41.7457087161927,7
41.752220701793,7
41.7564652787607,5
41.7617342014582,8
41.765723158916,5
41.7706257383005,6
41.7774893409244,5
41.7822761864584,6
41.7866254851981,6
41.7911293534282,7
41.7958859615974,6
41.8017320397351,5
41.8075946752571,6
41.8127121141166,5
41.8176749934085,6
41.8241055564461,5
41.8300165336632,6
41.8367551700701,6
41.8422764817532,5
41.8476524858618,5
41.8526637188676,5
41.8574232829591,6
41.8647385371211,5
41.8703715608931,7
41.8764000568506,6
41.8832096396667,6
41.8890197412279,6
41.8943141040483,5
41.8993807104103,5
41.9043220411796,7
41.9107966744033,8
41.9150862512871,5
41.9203344984304,5
41.9276669593751,7
41.9323247597288,7
41.9364774457319,6
41.9429151440742,5
41.9482605807183,7
41.9535838142053,6
41.9597877425826,5
41.9654151854761,6
41.9695361425194,5
41.9751568956108,5
41.9804757659665,7
41.9851424124702,5
41.9904279733357,8
41.997674610053,7
42.0026400366585,5
42.0073004739894,6
42.0115366725364,7
42.0150884295766,7
42.0199631258387,6
42.0235701781245,5
42.029149291243,6
42.0330074419881,6
42.0385544034727,5
42.0446757610163,6
42.052068225535,5
42.0582627304829,5
42.0668450449435,7
42.0713118237856,6
42.0781513969015,6
42.0838952628852,6
42.0888966776804,6
42.0944585607039,5
42.0999816388546,6
42.1072865202602,5
42.1104925001791,6
42.1167924078792,7
42.1216511405061,7
42.126310757162,7
42.1312296063688,5
42.1364009835212,5
42.1435911122929,5
42.1487404519724,5
42.1549610827137,6
42.1595365959753,6
42.1648813411821,7
42.1703589684194,7
42.1747252847122,6
42.1801250950865,6
42.1864160513335,6
42.1919576450784,5
42.1964559019516,5
42.2036455131254,6
42.2075891695591,6
42.2138697010205,6
42.2204555544688,7
42.225371955789,5
42.2295821893444,6
42.2358835059999,5
42.2396804347071,6
42.2444998596954,6
42.2501190405625,7
42.255372488511,6
42.2605365184421,5
42.2649699692955,6
42.2715586273017,6
42.2758623852943,6
42.2820301849466,6
42.2866216326134,5
42.2913159611685,6
42.2971246542767,6
42.3021641916529,7
42.308456375993,6
42.3136680540869,5
42.317936661715,6
42.3218363110368,5
42.3261497703352,6
42.3305271371555,6
42.3365487058853,5
42.3415299314524,7
42.3465418262813,6
42.3511464923362,5
42.3553221796679,5
42.3594370230382,5
42.3651199749279,5
42.3705850814342,7
42.3756022264228,6
42.3815250315614,6
42.3873801133646,5
42.39213264128,6
42.3972629741579,7
42.4013496045318,5
42.40993765883,8
42.4161572746328,5
42.4211324371004,5
42.4270291991617,6
42.4318410323544,6
42.4362158770164,6
42.441244410828,6
42.4458630397442,5
42.4509761300739,6
42.4551501628886,5
42.4590194322597,6
42.4649329157882,7
42.4712536331069,7
42.4782179122567,6
42.4846587085359,5
42.4900384594366,5
42.4964926889922,5
42.5011824657331,6
42.5074591356488,6
42.5131180140402,5
42.5193707110745,7
42.5237108526716,5
42.5299655423508,5
42.535195501607,6
42.5402897225968,6
42.546371277555,6
42.5522224148543,7
42.5582770923176,6
42.5648371122365,6
42.5693932327465,8
42.5746041539311,5
42.5798588603463,7
42.5868560505741,7
42.5931002837073,5
42.5981810765025,5
42.6017078330387,8
42.6058464588842,5
42.6119753835581,5
42.6162761437638,6
42.6214711038666,6
42.6285121904441,7
42.6348455684882,6
42.6417496029555,5
42.647935062439,6
42.6536324925604,7
42.6594420741677,8
42.6669599894866,7
42.6719542377901,5
42.677709229106,6
42.6840537496938,6
42.6890195667302,6
42.6936160534581,9
42.6984213695293,6
42.7046326669674,6
42.7099110242269,8
42.7148939408543,6
42.720472253877,6
42.7248495518354,6
42.7349730586718,5
42.7394029172398,5
42.7448922493845,7
42.7503540960668,5
42.7558474315909,8
42.7624559817116,6
42.7672437280952,7
42.7727970686112,7
42.7776723128066,6
42.7832927534218,8
42.7907356588023,6
42.7947454992779,6
42.7979940196758,6
42.8056561958633,6
42.8109552600162,6
42.8177612105768,6
42.824788423851,6
42.8310025727229,6
42.8357233962378,8
42.8416581733098,5
42.8476253995246,6
42.8526102143746,6
42.8585535014405,6
42.8645196993684,5
42.8701754962389,6
42.8772152306683,6
42.8829249511155,6
42.8880967701252,6
42.8921428745595,6
42.9001633437183,6
42.9052691519342,6
42.9110184758346,6
42.9155679726088,6
42.9212391976411,6
42.9279005905794,5
42.9330249191776,6
42.9392708579063,8
42.9446622107414,6
42.9513492005893,6
42.9559667870154,6
42.9604376855545,7
42.964098127596,6
42.9714542213749,5
42.9778215727083,6
42.9848194748799,6
42.9893087028039,7
42.993424718578,6
42.9989418679653,6
43.0064853796321,9
43.0109814610003,7
43.0175045674903,6
43.0226176186963,6
43.0289627240701,6
43.0384988282416,6
43.0454158004593,8
43.0519650347203,5
43.0586849537892,6
43.0630183505677,5
43.0690233729612,7
43.0743641593739,5
43.0807536515128,5
43.0870610980885,5
43.0931662339948,5
43.0975946249916,5
43.1017428273833,7
43.1071802113821,6
43.1149292719759,6
43.1205772963176,5
43.1273967720952,5
43.1317396675855,6
43.1401460126309,6
43.1468889812788,6
43.1527271750312,5
43.1608572511636,6
43.1661734650203,8
43.1711478956751,6
43.1775970650817,6
43.182033655953,5
43.1898529702462,5
43.1957408013359,8
43.200990426077,6
43.2068101576089,6
43.212125259506,6
43.2177520869093,8
43.2238776109024,6
43.2291653390323,5
43.2350753118504,6
43.2401256648351,7
43.2470373316178,6
43.2509929543358,7
43.2593371625233,5
43.2649460321676,6
43.2700482428395,5
43.2785801721861,6
43.2869450856021,7
43.2935069789494,6
43.2993840248613,9
43.3067460800741,6
43.3118910494949,8
43.3196309566368,7
43.3270323137179,6
43.3317819959844,8
43.3377533426074,5
43.3427269504163,6
43.3483238777932,6
43.3536324016396,8
43.3591660595568,7
43.364862621039,6
43.3704873503527,7
43.3738643645471,7
43.3790168111325,6
43.3849822240074,9
43.39084430886,5
43.3959098664037,7
43.401839559141,8
43.4087805987897,6
43.4150821023973,7
43.4228786031499,8
43.42838942174,6
43.4371440875926,6
43.44236229083,6
43.4496523512438,6
43.455868550541,6
43.4611170114356,6
43.4671663828034,6
43.4722228053584,6
43.4781914112019,6
43.4841587496415,6
43.4906359270742,7
43.4997841441043,7
43.5074823806235,7
43.5139195451678,6
43.521961176856,7
43.5280370444254,7
43.534500725089,6
43.5406863653332,6
43.5484283622371,6
43.5542272061709,7
43.5615663571671,6
43.5673864884584,5
43.5765562632974,6
43.5830866196916,6
43.5906862474212,6
43.5957295600932,7
43.603099458281,6
43.6105564889718,7
43.6171017488992,5
43.6266023525758,7
43.6340456101843,6
43.6402188149767,6
43.6478221711801,7
43.6528810855025,6
43.65957581804,6
43.6639376962652,6
43.6701772539163,6
43.6759494694761,8
43.6815775389735,6
43.6862959831576,7
43.6928301303603,7
43.6988930237744,5
43.7035486741907,7
43.7111354146158,5
43.7172641399819,7
43.7239294212575,8
43.7310999073084,6
43.7379709027437,6
43.7451792708545,7
43.7502681357853,6
43.7587381067304,10
43.7658226897765,7
43.7708264374147,7
43.7802292663557,6
43.786913751884,8
43.7914815034556,8
43.7958214376836,6
43.80217036038,9
43.8104352335382,7
43.8188575300922,6
43.8241890522114,5
43.830206214926,7
43.8353548369735,6
43.8433986755284,6
43.8507948901654,8
43.8584264645284,7
43.8660836063053,6
43.87292767792,6
43.8794370699847,6
43.888408142923,8
43.8959106513657,6
43.9040117286499,9
43.912797799538,6
43.9194569404878,8
43.9263696989368,6
43.9356082887828,6
43.9424212331445,7
43.9490636923029,6
43.9544242617433,6
43.9596490612197,7
43.9652992574322,8
43.9707878993954,7
43.9780736546601,6
43.9887606842042,8
43.9936831136479,6
44.0004226799774,6
44.0084853765469,6
44.0154713397197,6
44.0248768649029,6
44.030313495976,6
44.0384417416253,7
44.0444998152492,6
44.0521383309764,7
44.0583682261107,7
44.0669792773684,6
44.0745243257319,7
44.0808004348666,7
44.0869342801724,6
44.0949975985056,6
44.102189811445,6
44.1090219857554,7
44.118341507688,6
44.127356694946,8
44.1350428226163,8
44.141067202475,7
44.14733781987,6
44.1559285827722,6
44.1637541093014,8
44.1703012039917,7
44.179802786643,7
44.1862048167861,6
44.1930399750552,8
44.2014983041244,6
44.2115322846452,11
44.2193685149795,7
44.2281644872101,10
44.2352564736424,8
44.2414204763233,9
44.2485509584759,7
44.2590721802998,6
44.2646853904238,7
44.2726527790029,7
44.2797962907822,7
44.2869837996174,8
44.2955093125993,7
44.3006426856963,7
44.3070238913897,6
44.3130836594864,6
44.3220926408756,8
44.3305913539656,6
44.3377561010346,6
44.3465007088448,6
44.3550552539839,7
44.3630117168774,6
44.3695340622196,6
44.3767121638341,6
44.3819948557479,7
44.3901440312018,6
44.3988386236489,7
44.405788349931,6
44.4108684882541,6
44.4212751740501,8
44.4302716866697,6
44.4368397385184,7
44.4451147054675,9
44.4535616533489,8
44.460753511271,6
44.4680026255737,7
44.4793662381786,7
44.4842125418777,6
44.4936613579327,6
44.5029166191758,8
44.5114795160713,6
44.5186613371834,6
44.5271124427059,7
44.5350690043304,8
44.5413136921656,7
44.5496376587391,6
44.5594950470586,7
44.566188647384,7
44.575244741528,7
44.5845816819759,6
44.5915435464035,6
44.5982148258242,7
44.6074204267933,7
44.6141933585418,8
44.6217468505687,6
44.6325712799607,7
44.6407507700294,6
44.6471820401395,6
44.6539412260903,7
44.6632852879633,6
44.6735762015639,6
44.6811739407742,6
44.6887669896781,7
44.6959995516267,8
44.7034223469223,8
44.7106953338909,7
44.7180096852673,8
44.7236217379145,6
44.7324870519529,6
44.7396157213394,8
44.7466236886597,8
44.7554755354434,7
44.7629228655236,8
44.7707457689836,9
44.7779839712074,8
44.7841990866903,8
44.7928753703282,7
44.8000721083585,7
44.811125533879,7
44.8183900633564,6
44.8281473888006,8
44.8362782427109,8
44.843473157831,10
44.8522733003596,7
44.8605097129615,8
44.8686802620445,6
44.8762465500002,6
44.8845939259221,6
44.8922339526666,8
44.9015601448795,7
44.9102420437614,6
44.9183236233462,7
44.9239736329002,6
44.9341961507008,7
44.9423013272447,8
44.9500119962845,7
44.9583375802163,8
44.9662041041205,6
44.9725386980087,7
44.9802486523476,6
44.9862275331647,7
44.9956552199931,8
45.0035692920637,8
45.0109203107678,7
45.0189604031726,7
45.0270830253708,7
45.036185363979,8
45.0428442947321,6
45.0520126082115,7
45.0597675635229,7
45.0657022786586,8
45.0740679005162,6
45.0804646413476,7
45.0902128133776,11
45.0975972372561,6
45.1097298556686,7
45.1204754982449,6
45.1283182560288,7
45.1369052808164,7
45.1482847118348,7
45.1564622468148,7
45.1655514592862,6
45.1744173964834,6
45.1817372692797,7
45.1912541404109,10
45.1993668952627,7
45.2072129677084,13
45.214138217339,7
45.2206251060035,7
45.2285295241071,7
45.2371754991216,7
45.2496877075035,8
45.2578570596313,6
45.2661888949225,7
45.2728766120075,7
45.2838177786998,8
45.2946715271011,7
45.3047144228857,9
45.3148351541078,8
45.3217446816405,7
45.3314918333026,9
45.3407002243715,6
45.3499762978832,11
45.3576484235556,7
45.3640770628176,7
45.3727386484745,7
45.3834320362929,7
45.3930155997276,7
45.4020276879114,6
45.4118938807722,7
45.4225293680841,7
45.4355898026087,8
45.4478610278205,10
45.4574336744547,7
45.4654824384898,7
45.4733652600187,7
45.4812177080632,7
45.4899919068033,7
45.4974935581194,7
45.5082079260019,7
45.517411139093,8
45.5277637635676,7
45.5400750299181,7
45.5501819751946,7
45.5606509529595,7
45.5716869371419,9
45.5811998699822,8
45.5928723301283,7
45.5999688986023,7
45.6082365724,7
45.6186835953688,7
45.6271656302582,6
45.635377607335,6
45.6444948865583,7
45.652833754077,6
45.6623553456594,9
45.6694740980635,7
45.6785876656106,6
45.6885599898038,7
45.6970249756237,8
45.7071245333956,9
45.7146555707918,8
45.7231174877383,6
45.7321555949393,7
45.7424975884517,7
45.7525307736938,8
45.7636597615041,8
45.7747584301883,8
45.7832996962512,8
45.790424892176,7
45.7977000555034,9
45.8098488827738,8
45.8222075164256,8
45.8315703851557,6
45.8398012599528,8
45.8514937048678,6
45.86214534902,8
45.8711596537003,8
45.876908559178,9
45.8859166341618,9
45.89431834167,8
45.9027357711894,7
45.9117373179029,7
45.9248869524858,8
45.9340559395596,7
45.9456942227442,9
45.9566234773088,8
45.9645382286425,7
45.9764889433921,8
45.9868838094322,7
45.9973172636396,6
46.0081163400534,8
46.0198431142967,7
46.0291782577837,10
46.0385700849225,8
46.0456851735015,6
46.054570343259,7
46.0625355289954,7
46.0738099872102,8
46.0853304294701,8
46.0944940977678,9
46.1030318847413,6
46.1122578403586,7
46.1212098979085,10
46.1297607399049,8
46.138525634356,11
46.1505800960586,8
46.1627351086649,7
46.1767828462499,8
46.186008748714,8
46.1928348935027,7
46.2032825187003,7
46.2117525193687,8
46.2217278949381,8
46.2332855626356,7
46.2425714959249,7
46.251595684022,6
46.2602307722515,7
46.2728871649704,10
46.2851033925654,8
46.2922816617674,9
46.3013988003025,8
46.3166268317536,6
46.3291602064564,9
46.3413224222827,8
46.3587506120078,6
46.3753615734082,7
46.386054138907,7
46.3937235956734,9
46.4052743230449,9
46.4151153054029,8
46.4248470842642,8
46.4391624083316,9
46.4470080680775,9
46.4562416669372,10
46.4695726389858,7
46.4790388099351,7
46.4883417450924,8
46.5005416042564,7
46.5140630232691,7
46.5235398947337,7
46.5375013194136,10
46.5502330116114,8
46.5635505167591,7
46.5743528504269,7
46.5851877808109,6
46.5965084678146,10
46.609828720367,7
46.6193589286048,7
46.6354425027442,7
46.6499409913202,8
46.6605737024474,8
46.6680849957076,9
46.6792810826542,7
46.6902891038349,8
46.7053126393346,7
46.7167659226656,7
46.7282882394142,7
46.7411108666931,6
46.7514685713073,9
46.7640516467404,7
46.777350380848,8
46.7884860778056,7
46.8002234484394,7
46.8121128698858,8
46.8265364820569,7
46.8414713323951,9
46.8529776281555,8
46.8665949972536,10
46.8750681447047,9
46.8864877098359,7
46.9019148155295,7
46.9132360785395,8
46.9280590523214,8
46.9410901075913,10
46.9537413113117,7
46.9642409205468,8
46.9750301944754,8
46.9911794299518,9
46.9998400346091,8
47.0128579497676,12
47.0265799706592,8
47.0427544016164,9
47.0542324481939,7
47.0683686012408,7
47.0810614800001,7
47.0942357414111,7
47.1062058027116,9
47.123456764895,7
47.1389050687242,8
47.151504811895,7
47.1631143191596,10
47.1748610658462,7
47.1919308990728,7
47.2040765376412,8
47.218346092438,7
47.2316824359308,8
47.242822068252,9
47.2593742760327,7
47.2733855933316,7
47.2933004609106,8
47.307290419541,9
47.324111138545,9
47.3346341590072,8
47.3509778805452,7
47.35893758196,8
47.372562306531,10
47.3850657539474,8
47.3991552434941,9
47.4113379056026,8
47.4223161521994,8
47.4340869460137,7
47.4447017940092,9
47.4613504526116,8
47.4753085878585,7
47.4890056128556,9
47.5056322929997,9
47.5198029856286,8
47.535683062205,10
47.5513388147902,8
47.5667898418498,9
47.5814914352712,9
47.5979036483068,9
47.6157792285606,7
47.6302766637977,8
47.6421634305743,8
47.6571989669514,9
47.6736522074808,7
47.6932226588889,8
47.7051767098605,8
47.7199289837108,9
47.7350387297044,8
47.7480647703623,7
47.7595791863159,9
47.7735997091854,8
47.784306710811,8
47.7973609440381,10
47.812567198704,9
47.8321638707467,8
47.844143565398,13
47.8599712890156,12
47.8725410753896,11
47.8888370096952,9
47.9026943890443,7
47.9222482192186,7
47.9405068477133,8
47.9612546466476,8
47.9772253167839,8
47.9948483472621,9
48.0130350538219,9
48.028923045354,9
48.04638212468,8
48.0606235043499,9
48.0825926129725,10
48.0979695457617,7
48.1153430616099,10
48.1312185288109,10
48.1460684541303,7
48.1567349777028,8
48.1759920597053,8
48.1979028266893,9
48.2145535189973,9
48.2366026288993,9
48.2547578433603,8
48.2751470079444,8
48.2893075885499,13
48.3073121001415,7
48.3271845252744,11
48.3456260460993,8
48.364786119371,8
48.3859127538425,9
48.3974195142904,9
48.4140506890199,10
48.4311744602564,8
48.4460202674069,10
48.4559747778996,7
48.4734074050766,7
48.4923866516132,8
48.5023681354041,9
48.5174109972606,8
48.5318291934397,7
48.5533606320805,10
48.5722263210323,10
48.5884840492996,7
48.6065670890053,8
48.6259642151383,9
48.6470297402565,8
48.663159135476,8
48.6820084834751,10
48.6966916738568,8
48.7145519448124,9
48.7309572461697,10
48.7491245134224,8
48.7678556650975,8
48.7804779271339,8
48.7966221295584,8
48.8193438139133,11
48.8435873418146,9
48.8631272628282,8
48.8760373367206,9
48.8922662176552,10
48.9076754055536,8
48.9329603349259,11
48.9484412274408,7
48.973253732059,9
48.9970009384627,9
49.0163548934297,12
49.0390588008916,9
49.0584333871319,10
49.0775190887595,8
49.0947689989942,11
49.1204478444686,9
49.1351600728768,7
49.1593346338713,10
49.1815915822233,10
49.2014887313017,8
49.223136950323,9
49.2414528671495,8
49.2609682649912,9
49.2809708804412,9
49.2985983481003,8
49.3178562108365,11
49.3369491489627,8
49.3475882936467,9
49.3719431141773,9
49.3909023084144,8
49.4183067634595,8
49.4375734530572,8
49.456510747284,8
49.4805253996163,9
49.5025520621678,9
49.524760239814,10
49.5491352363657,10
49.5685354470851,9
49.5862868818852,11
49.6027097353019,9
49.6208201233086,10
49.6457794427796,10
49.6715090796535,9
49.690389504454,10
49.711376342711,14
49.7357483850132,8
49.7560716410688,13
49.7744557785525,9
49.7990460535778,9
49.8275019832495,8
49.8540127842702,9
49.8809265033926,12
49.9074678224778,8
49.9323367802663,9
49.9665626270637,10
49.9891317774057,12
50.0101473654038,9
50.0295812225588,9
50.0543895749651,11
50.0754935199045,11
50.0983010256672,12
50.126758009864,11
50.1522455118962,8
50.1735058829367,9
50.200112967687,12
50.221743886409,11
50.2479673283357,10
50.2694091840889,9
50.2951720743512,11
50.3242315279319,9
50.3539257916023,11
50.3805147437378,11
50.4064336926097,10
50.4322346889379,11
50.4533055781998,10
50.4808556433853,12
50.5077419545015,11
50.5295603770425,10
50.5475893981928,8
50.5744161366225,12
50.6057237243824,9
50.6402955720481,10
50.6683391772243,12
50.6878230949499,9
50.7198475774496,13
50.7532903353449,13
50.7772833818041,12
50.808224124265,11
50.8432826418608,10
50.8699890302612,8
50.8891988465064,10
50.9114929522563,14
50.9442892989529,14
50.9682065517854,13
50.9894056447518,11
51.037434855183,10
51.0634211781384,11
51.0937707926794,10
51.1268683095005,14
51.156740947005,14
51.1999367954764,18
51.2279558576103,14
51.2594730864089,12
51.2866554027882,9
51.3229535806316,14
51.3489314317538,11
51.3756509641085,11
51.4050907760239,12
51.4307511091922,10
51.4566276872313,11
51.4915116994675,11
51.5320210991581,14
51.5613697151981,9
51.5916680272083,11
51.6234845038763,9
51.6485882929699,16
51.6903773456563,14
51.7203326668768,11
51.745252478086,11
51.7739913855993,12
51.8077196910412,14
51.8415684904159,12
51.8736593291281,10
51.9081746737841,16
51.9490020308126,12
51.9776515946358,14
52.0167756950522,12
52.0420421803117,9
52.065878359637,12
52.0930816606691,10
52.1243301999579,14
52.1614624817799,12
52.1917075185837,11
52.2151748457356,11
52.2411055390822,12
52.2764422363313,13
52.2967825956945,12
52.3298271999164,11
52.3648880402206,13
52.3945692831338,11
52.4286471106204,12
52.459417921399,12
52.4844712414868,14
52.5142982241215,14
52.54061181693,11
52.5748415289298,14
52.6068958961134,18
52.6448033291687,16
52.6827951913053,12
52.7234863163898,19
52.745884748805,14
52.7783429516528,12
52.8148899093763,13
52.8540400506403,14
52.8873634850601,19
52.9167133973521,12
52.9401548321264,12
52.9780754648688,14
53.0155644896716,14
53.0489544700907,15
53.0725028844734,13
53.1033174051246,11
53.1420735743907,12
53.1687613898241,12
53.1992763347247,13
53.2446639188225,12
53.2694687185323,14
53.30646784447,15
53.3363491425125,18
53.3739174649801,10
53.4172698909867,13
53.4580511090103,18
53.4856488087298,12
53.5123794483715,15
53.5434860114913,14
53.5841244887981,16
53.6141681491498,16
53.6437391354552,15
53.6764578840896,13
53.7116519614227,13
53.7428115694462,20
53.7743717633968,14
53.8030710403947,14
53.8455584687748,11
53.8799583741241,14
53.9098073498253,12
53.9477819917687,13
53.9808860679309,15
54.0169346743126,18
54.0611884614104,13
54.0948096270243,13
54.1286354747612,13
54.1610763072729,17
54.1862289254333,17
54.2132556872899,12
54.2375097979027,12
54.269440309719,15
54.304823649111,13
54.3392911880518,13
54.3630034010687,12
54.4025099855771,14
54.4326771997804,15
54.4678532264511,16
54.4945794337347,20
54.5228764140694,13
54.5585869891751,14
54.5933605265586,12
54.6187016273849,13
54.6436475554195,15
54.6806169136986,17
54.7002463281022,16
54.7408170054751,19
54.7709748050654,15
54.8069865962125,14
54.8471928258102,16
54.8863683534649,19
54.9166338963526,20
54.9456689681089,13
54.9831004521627,17
55.0160220545835,14
55.0416401537972,15
55.068793464098,14
55.0921041653047,13
55.137985440879,16
55.1813065220429,20
55.2104740195771,12
55.2347933155878,17
55.2604466496092,14
55.285027374086,17
55.3205323542033,16
55.3509074962172,14
55.3812112143798,14
55.4116267817889,18
55.4455609571053,17
55.4801868454612,23
55.515381627646,15
55.5449022404675,14
55.5887658905881,24
55.6199314976677,16
55.654826558358,15
55.6887150554117,19
55.7185644367261,14
55.7463230822834,15
55.7772550178514,18
55.7975636517745,14
55.8480140914137,14
55.8857247266936,17
55.9195015325992,16
55.9575781037006,13
55.9927322452348,22
56.0221033537721,17
56.0477281904106,17
56.0807801060307,20
56.1114097467189,18
56.1494666419689,21
56.1851059441072,18
56.2174696904021,27
56.2533928138163,17
56.294633815694,19
56.3292629721254,19
56.372103433249,14
56.3958604376653,21
56.42898522614,18
56.470545177512,15
56.5107469037194,19
56.5452567396018,14
56.5743839388347,16
56.5924878038647,16
56.6146391412278,24
56.6428649675318,15
56.6722509251919,16
56.7139306510469,19
56.74567639916,15
56.778907442177,21
56.8076052402336,17
56.8386284857996,15
56.87271664171,16
56.9159003733038,20
56.951964159471,18
56.9843022215503,23
57.014223013216,14
57.0534378964066,23
57.0860271576952,24
57.1147128680797,14
57.1452389350254,23
57.1728222467064,18
57.1979262437322,17
57.2449214686056,21
57.2700478944548,20
57.2976887468668,24
57.3334861294547,17
57.3774563788653,19
57.403195547041,18
57.4431423790924,18
57.47639964993,24
57.4986268280187,19
57.5312564007141,20
57.5595434246129,24
57.5962776682981,20
57.6306746936582,20
57.6573182207626,20
57.695390904193,23
57.7258881198933,20
57.7597596756311,21
57.7982357421926,19
57.832289497319,20
57.8663076031433,24
57.8943598653201,21
57.9297940320061,19
57.9635274072901,21
57.99178201017,22
58.0159512101946,19
58.0482569764246,17
58.0750805567193,20
58.0964098452929,25
58.1222279625464,19
58.1558926161244,19
58.1777427510805,18
58.2128581415862,21
58.2504215829626,19
58.2775255812186,16
58.3066537974846,21
58.3460262263864,20
58.3724542940396,19
58.4050168044271,22
58.4295651822676,18
58.4682389983207,19
58.5009725371045,24
58.5336327523108,23
58.5572836670149,16
58.5937269289129,20
58.6361859237172,21
58.6673057415486,20
58.6949890572417,20
58.7247238686922,20
58.7562845032726,21
58.7864985379881,19
58.8144315787506,21
58.8494749385299,19
58.8844059690578,22
58.9164662449551,20
58.9417599049615,20
58.9731621786091,24
59.0031178464972,21
59.0389255647779,24
59.066747793255,19
59.0887071612038,19
59.1141033238429,22
59.1493455468299,24
59.1822040195143,20
59.2126707445694,24
59.2426256920929,23
59.2699506505857,24
59.3086595106889,17
59.3480351090993,26
59.3730063142851,26
59.4059963990996,23
59.4297770594761,29
59.4558225405415,22
59.4848412186845,19
59.5059814872949,22
59.5298910021213,25
59.5507565850822,23
59.5796704426279,34
59.6105911620952,21
59.6373489412272,28
59.6635680759019,24
59.6915339939062,24
59.7291099402409,24
59.7548082998477,22
59.7862033543806,24
59.8174847725105,24
59.8565156158533,21
59.8798093192086,26
59.905242160897,28
59.9405979808745,23
59.9650960053759,23
59.993325087028,24
60.027272814819,21
60.062740592508,25
60.0915819597053,19
60.1195954985801,27
60.1484351845922,20
60.17443952368,19
60.206213669156,23
60.2360398481548,28
60.2683357009701,23
60.2973746825896,27
60.322049087719,24
60.3510862522885,32
60.3797742316537,22
60.4037328179468,22
60.4322862953327,24
60.4588493430612,21
60.4789396079833,21
60.5054541284877,27
60.540963431715,29
60.5675862010107,26
60.5952664295099,21
60.6211818183266,19
60.6523327765055,24
60.6819055541691,26
60.7005950501265,28
60.7307801160093,26
60.7590643751048,19
60.7890431543293,26
60.8135282500822,23
60.8355656615229,26
60.8698348919482,38
60.8939875294247,30
60.9244800167979,21
60.9532576082191,24
60.9695973005463,25
60.9983216904418,24
61.0308014108343,30
61.0536475771404,28
61.0873930828887,23
61.1170939899194,26
61.1380949890199,36
61.1653093789545,25
61.1914707425122,28
61.2162369334186,26
61.2441888856576,28
61.2767387428805,32
61.3022208415388,38
61.3207682254957,30
61.3471047081944,26
61.3796273960631,26
61.404837116105,30
61.4257522837211,29
61.4511085530492,22
61.4733907955663,30
61.4993875355856,24
61.5310846013463,28
61.565576693069,30
61.5946582438157,23
61.6099221288711,32
61.6416820021252,33
61.6662020951398,29
61.6890735688064,28
61.7183569779203,26
61.7426025281834,32
61.7758177059514,26
61.7950425855278,40
61.8178727336802,31
61.8441984706677,34
61.8707047037387,26
61.8979811788973,28
61.9223029237223,28
61.9570450451116,29
61.979448337652,26
62.0102041922778,30
62.0455803125918,28
62.0796096370436,26
62.105585913479,28
62.1380261873079,28
62.1649744715092,26
62.1977810195058,36
62.2297186806425,32
62.2572200309178,36
62.2854628731171,27
62.3135761603096,26
62.3480544878071,26
62.3726702580496,31
62.3931226493876,33
62.4178521403212,38
62.4437515575043,30
62.4720895358905,29
62.4999029931169,32
62.5242903823862,34
62.5513599445771,38
62.5803124315127,32
62.6049251414871,25
62.6282329711696,34
62.6542998657197,32
62.6858809691465,32
62.7135970992107,28
62.7396731199391,30
62.766177735996,27
62.7906525715737,32
62.8193425729002,33
62.8434343543751,30
62.8756593237445,34
62.9092256595598,32
62.9316637321954,27
62.9643283683728,30
62.9946243270984,32
63.0278356681872,32
63.0531923968349,32
63.0834124003003,32
63.1147019987335,30
63.1517961743764,40
63.1792779291914,32
63.2168658726044,32
63.2499603881624,34
63.2826461788346,32
63.3059230659994,40
63.3306876444977,34
63.3600452158156,36
63.38947457787,32
63.4225606598063,36
63.4591114172721,29
63.4876528295926,28
63.5303727244722,32
63.5639962454722,38
63.6036135819266,42
63.640475132483,32
63.6808891884032,34
63.7186756828206,34
63.7511106734145,38
63.7794663260857,32
63.8224529409572,38
63.8528449079619,38
63.907090082644,40
63.9539098840371,36
63.9853265785686,36
64.0323735005159,32
64.0820677957432,44
64.1173911040404,38
64.1599194551205,40
64.2076408504448,39
64.2488801911552,40
64.2875273541818,40
64.3259807585375,42
64.3655161132555,38
64.4211358469879,34
64.4654868207571,42
64.5015436819344,40
64.5623156178197,38
64.6103306590026,42
64.673732208429,40
64.7434930260663,44
64.8154884347391,36
64.893693543381,44
64.9666367109491,36
65.0476991582687,50
65.1178912149465,40
65.183100884314,48
65.2612897861491,48
65.3562687994608,44
65.4312572951672,52
65.5293868603718,46
65.6216638335927,48
65.7033744215085,54
65.7887287797969,54
65.8895720654317,62
65.9925406814961,58
66.0916295068776,56
66.1626216636658,60
66.2706852539151,62
66.3430998751209,72
66.4033366214697,68
66.4883052936333,74
