x,y
0,-69
0.208999872207642,-69
0.408999919891357,-69
0.611999988555908,-69
0.810999870300293,-69
1.01099991798401,-69
1.21099996566772,-69
1.41100001335144,-69
1.62800002098083,-69
1.82799983024597,-69
2.02799987792969,-69
2.23699975013733,-69
2.43699979782104,-69
2.63699984550476,-69
2.83699989318848,-69
3.03699994087219,-69
3.23699975013733,-69
3.43799996376038,-70
3.63800001144409,-70
3.83899998664856,-70
4.03900003433228,-70
4.24000000953674,-70
4.43999981880188,-70
4.6399998664856,-69
4.84299993515015,-69
5.04299998283386,-69
5.24300003051758,-69
5.44300007820129,-69
5.64299988746643,-69
5.84299993515015,-68
6.04299998283386,-68
6.24300003051758,-68
6.44300007820129,-68
6.64299988746643,-68
6.84299993515015,-68
7.04299998283386,-68
7.24300003051758,-68
7.44300007820129,-68
7.64299988746643,-68
7.84299993515015,-68
8.04299998283386,-68
8.24300003051758,-69
8.44400000572205,-69
8.64299988746643,-69
8.8439998626709,-69
9.04399991035461,-69
9.24399995803833,-69
9.44400000572205,-69
9.64499974250793,-68
9.8439998626709,-68
10.0439999103546,-68
10.2439999580383,-68
10.444000005722,-68
10.6449997425079,-68
10.849999666214,-70
11.0499997138977,-70
11.2509999275208,-70
11.4509999752045,-70
11.6519999504089,-70
11.8519999980927,-70
12.0529997348785,-69
12.2529997825623,-69
12.4539999961853,-69
12.654000043869,-69
12.8550000190735,-69
13.0550000667572,-69
13.2549998760223,-69
13.4559998512268,-69
13.6559998989105,-69
13.856999874115,-69
14.0569999217987,-69
14.2579996585846,-69
14.4579997062683,-70
14.6589999198914,-70
14.8629999160767,-70
15.0629999637604,-70
15.2630000114441,-70
15.4639999866486,-70
15.6639997959137,-69
15.8639998435974,-69
16.0639998912811,-69
16.2649998664856,-69
16.4649999141693,-69
16.6639997959137,-69
16.8639998435974,-69
17.0639998912811,-69
17.2639999389648,-69
17.4639999866486,-69
17.6649997234344,-69
17.875,-69
18.0750000476837,-70
18.2749998569489,-70
18.4759998321533,-70
18.6749999523163,-70
18.875,-70
19.0780000686646,-70
19.2749998569489,-68
19.4759998321533,-68
19.6749999523163,-68
19.8780000209808,-68
20.0789999961853,-68
20.279000043869,-68
20.4789998531342,-70
20.6789999008179,-70
20.8789999485016,-70
21.0789999961853,-70
21.2809998989105,-70
21.4809999465942,-70
21.6809997558594,-68
21.8809998035431,-68
22.0809998512268,-68
22.2819998264313,-68
22.481999874115,-68
22.6819996833801,-68
22.8829998970032,-68
23.0829999446869,-68
23.2829999923706,-68
23.4830000400543,-68
23.683000087738,-68
23.8829998970032,-68
24.0839998722076,-68
24.2829999923706,-69
24.4839999675751,-69
24.683000087738,-69
24.8839998245239,-69
25.0839998722076,-69
25.2849998474121,-69
25.4849998950958,-69
25.6849999427795,-69
25.8880000114441,-69
26.0869998931885,-69
26.2879998683929,-69
26.4879999160767,-69
26.6870000362396,-69
26.8870000839233,-69
27.0869998931885,-69
27.2869999408722,-69
27.4869999885559,-69
27.6870000362396,-69
27.8870000839233,-70
28.1119999885559,-70
28.311999797821,-70
28.5129997730255,-70
28.7129998207092,-70
28.9129998683929,-70
29.1129999160767,-70
29.3139998912811,-70
29.5139997005463,-70
29.71399974823,-70
29.9139997959137,-70
30.1139998435974,-70
30.3139998912811,-69
30.5159997940063,-69
30.7159998416901,-69
30.9179999828339,-69
31.1180000305176,-69
31.3180000782013,-69
31.5199999809265,-69
31.7199997901917,-69
31.9199998378754,-69
32.1199998855591,-69
32.3199999332428,-69
32.5199999809265,-69
32.7199997901917,-68
32.9209997653961,-68
33.1209998130798,-68
33.3209998607635,-68
33.521999835968,-68
33.7219998836517,-68
33.9229998588562,-70
34.1219997406006,-70
34.3219997882843,-70
34.521999835968,-70
34.7230000495911,-70
34.9219996929169,-70
35.1219997406006,-69
35.3219997882843,-69
35.5230000019073,-69
35.7230000495911,-69
35.9229998588562,-69
36.1229999065399,-69
36.3229999542236,-70
36.5230000019073,-70
36.7230000495911,-70
36.9229998588562,-70
37.1229999065399,-70
37.3229999542236,-70
37.5230000019073,-69
37.7239999771118,-69
37.923999786377,-69
38.1249997615814,-69
38.3249998092651,-69
38.5260000228882,-69
38.7269999980927,-69
38.9279999732971,-69
39.1269998550415,-69
39.327999830246,-69
39.5269999504089,-69
39.7279999256134,-69
39.9279999732971,-70
40.1289999485016,-70
40.3289997577667,-70
40.5289998054504,-70
40.7289998531342,-70
40.9289999008179,-70
41.1299998760223,-69
41.3309998512268,-69
41.5319998264313,-69
41.731999874115,-69
41.9319999217987,-69
42.1329998970032,-69
42.3329999446869,-69
42.5339999198914,-70
42.7339999675751,-70
42.9340000152588,-70
43.1349999904633,-70
43.335000038147,-70
43.5360000133514,-70
43.7349998950958,-70
43.9359998703003,-70
44.1369998455048,-70
44.3359999656677,-70
44.5360000133514,-70
44.7369997501373,-70
44.9489998817444,-69
45.1500000953674,-69
45.3500001430511,-69
45.550999879837,-69
45.7509999275208,-69
45.9509999752045,-69
46.1510000228882,-69
46.3510000705719,-69
46.550999879837,-69
46.7509999275208,-69
46.9509999752045,-69
47.1519999504089,-69
47.3519999980927,-70
47.5529997348785,-70
47.7529997825623,-70
47.9539997577667,-70
48.1539998054504,-70
48.3550000190735,-70
48.5539996623993,-69
48.753999710083,-69
48.9539997577667,-69
49.1539998054504,-69
49.3539998531342,-69
49.5539996623993,-69
49.7599999904633,-69
49.9599997997284,-69
50.1599998474121,-69
50.3599998950958,-69
50.5599999427795,-69
50.7599999904633,-69
50.9609997272491,-70
51.1609997749329,-70
51.3619997501373,-70
51.561999797821,-70
51.7619998455048,-70
51.9619998931885,-70
52.1619997024536,-68
52.3619997501373,-68
52.5629999637604,-68
52.7630000114441,-68
52.9630000591278,-68
53.1629998683929,-68
53.3639998435974,-70
53.5689997673035,-70
53.7679998874664,-70
53.9759998321533,-70
54.1740000247955,-70
54.3729999065399,-70
54.5729999542236,-70
54.7729997634888,-70
54.9729998111725,-70
55.1729998588562,-70
55.3729999065399,-70
55.5729999542236,-70
55.7729997634888,-69
55.9729998111725,-69
56.1729998588562,-69
56.3729999065399,-69
56.5729999542236,-69
56.7729997634888,-69
56.9729998111725,-68
57.1729998588562,-68
57.3729999065399,-68
57.574000120163,-68
57.7739999294281,-68
57.9739999771118,-68
58.1749999523163,-69
58.375,-69
58.5750000476837,-69
58.7760000228882,-69
58.9759998321533,-69
59.1749999523163,-69
59.3759999275208,-70
59.5750000476837,-70
59.7760000228882,-70
59.9749999046326,-70
60.175999879837,-70
60.375,-70
60.5750000476837,-70
60.7749998569489,-70
60.9759998321533,-70
61.175999879837,-70
61.3769998550415,-70
61.5759999752045,-70
61.7769999504089,-70
61.9769997596741,-69
62.1769998073578,-69
62.3769998550415,-69
62.5769999027252,-69
62.7769999504089,-69
62.9779996871948,-69
63.1779997348785,-70
63.3779997825623,-70
63.5789999961853,-70
63.7779998779297,-70
63.9779996871948,-70
64.1779997348785,-70
64.3789999485016,-69
64.5789999961853,-69
64.7869999408722,-69
64.9879999160767,-69
65.1879999637604,-69
65.3889999389648,-69
65.5879998207092,-70
65.7919998168945,-70
65.9919998645782,-70
66.191999912262,-70
66.3919999599457,-70
66.5920000076294,-70
66.7929997444153,-70
66.992999792099,-70
67.1929998397827,-70
67.3929998874664,-70
67.5929999351501,-70
67.7929997444153,-70
68,-70
68.1999998092651,-70
68.4009997844696,-70
68.6009998321533,-70
68.800999879837,-70
69.0019998550415,-70
69.2019996643066,-70
69.4019997119904,-70
69.6019997596741,-70
69.8029999732971,-70
70.0060000419617,-70
70.2039999961853,-70
70.4039998054504,-68
70.6039998531342,-68
70.8039999008179,-68
71.0079998970032,-68
71.2079999446869,-68
71.4070000648499,-68
71.6079998016357,-69
71.8089997768402,-69
72.0079998970032,-69
72.2089998722076,-69
72.4089999198914,-69
72.6089997291565,-69
72.8089997768402,-69
73.0089998245239,-69
73.2089998722076,-69
73.4089999198914,-69
73.6089997291565,-69
73.809999704361,-69
74.0089998245239,-68
74.2089998722076,-68
74.4089999198914,-68
74.6099998950958,-68
74.8109998703003,-68
75.010999917984,-68
75.2109999656677,-69
75.4110000133514,-69
75.6110000610352,-69
75.8109998703003,-69
76.010999917984,-69
76.2109999656677,-69
76.4110000133514,-69
76.6129999160767,-69
76.811999797821,-69
77.0119998455048,-69
77.2119998931885,-69
77.4119999408722,-69
77.6129999160767,-69
77.8129997253418,-69
78.0139999389648,-69
78.2149999141693,-69
78.4159998893738,-69
78.6169998645782,-69
78.8179998397827,-69
79.0179998874664,-70
79.2179996967316,-70
79.4189999103546,-70
79.617999792099,-70
79.8179998397827,-70
80.0190000534058,-70
80.2269999980927,-70
80.4279999732971,-70
80.6259996891022,-70
80.8259997367859,-70
81.0279998779297,-70
81.2269999980927,-70
81.430999994278,-70
81.6369998455048,-70
81.8369998931885,-70
82.0380001068115,-70
82.2379999160767,-70
82.4389998912811,-70
82.6389999389648,-70
82.8389999866486,-70
83.039999961853,-70
83.2400000095367,-70
83.4409997463226,-70
83.6409997940063,-70
83.8409998416901,-70
84.0409998893738,-70
84.2409999370575,-70
84.4409997463226,-70
84.6409997940063,-70
84.8409998416901,-70
85.0409998893738,-69
85.2409999370575,-69
85.4409997463226,-69
85.6419997215271,-69
85.8409998416901,-69
86.0419998168945,-69
86.2419998645782,-70
86.4419996738434,-70
86.6419997215271,-70
86.8419997692108,-70
87.0419998168945,-70
87.2419998645782,-70
87.4430000782013,-70
87.6419997215271,-70
87.8429999351501,-70
88.0419998168945,-70
88.2430000305176,-70
88.4419996738434,-70
88.6419997215271,-70
88.8419997692108,-70
89.0419998168945,-70
89.2419998645782,-70
89.4419996738434,-70
89.6419997215271,-70
89.8419997692108,-69
90.0439999103546,-69
90.2430000305176,-69
90.4579997062683,-69
90.6439998149872,-69
90.8439998626709,-69
91.0439999103546,-69
91.2439999580383,-70
91.444000005722,-70
91.6439998149872,-70
91.8519999980927,-70
92.050999879837,-70
92.2519998550415,-70
92.4509999752045,-69
92.6519999504089,-69
92.8529999256134,-69
93.0519998073578,-69
93.2529997825623,-69
93.4519999027252,-69
93.6519999504089,-70
93.8529999256134,-70
94.0529997348785,-70
94.2529997825623,-70
94.452999830246,-70
94.654000043869,-70
94.8540000915527,-69
95.0540001392365,-69
95.2539999485016,-69
95.4539999961853,-69
95.654000043869,-69
95.8540000915527,-69
96.0550000667572,-70
96.2549998760223,-70
96.4549999237061,-70
96.6559998989105,-70
96.8559999465942,-70
97.0569999217987,-70
97.2579996585846,-69
97.470999956131,-69
97.6670000553131,-69
97.8669998645782,-69
98.066999912262,-69
98.2679998874664,-69
98.4719998836517,-68
98.6719999313354,-68
98.8719999790192,-68
99.0719997882843,-68
99.271999835968,-68
99.4719998836517,-68
99.6729998588562,-69
99.8729999065399,-69
100.073999881744,-69
100.27399969101,-69
100.473999738693,-69
100.674999952316,-69
100.873999834061,-70
101.078000068665,-70
101.278000116348,-70
101.476999759674,-70
101.677999973297,-70
101.878000020981,-70
102.078000068665,-70
102.278000116348,-70
102.477999925613,-70
102.677999973297,-70
102.878999948502,-70
103.078999996185,-70
103.279000043869,-68
103.478999853134,-68
103.678999900818,-68
103.878999948502,-68
104.078999996185,-68
104.279000043869,-68
104.478999853134,-69
104.679999828339,-69
104.878999948502,-69
105.079999923706,-69
105.279000043869,-69
105.480000019073,-69
105.679999828339,-68
105.879999876022,-68
106.079999923706,-68
106.27999997139,-68
106.483999967575,-68
106.68499994278,-68
106.885999917984,-70
107.084999799728,-70
107.284999847412,-70
107.486999988556,-70
107.68700003624,-70
107.888000011444,-70
108.087999820709,-70
108.289999723434,-70
108.489999771118,-70
108.690999984741,-70
108.891000032425,-70
109.091000080109,-70
109.290999889374,-70
109.491999864578,-70
109.690999984741,-70
109.891999959946,-70
110.091000080109,-70
110.291999816895,-70
110.491999864578,-70
110.692999839783,-69
110.894000053406,-69
111.094000101089,-69
111.295000076294,-69
111.494999885559,-69
111.704999923706,-69
111.904999732971,-70
112.104999780655,-70
112.304999828339,-70
112.504999876022,-70
112.705999851227,-70
112.908999919891,-70
113.106999874115,-70
113.307999849319,-70
113.508999824524,-70
113.712999820709,-70
113.912999868393,-70
114.112999916077,-70
114.312999725342,-70
114.512999773026,-70
114.712999820709,-70
114.912999868393,-70
115.112999916077,-70
115.312999725342,-70
115.512999773026,-69
115.734999895096,-69
115.929999828339,-69
116.129999876022,-69
116.329999685287,-69
116.529999732971,-69
116.729999780655,-70
116.931999921799,-70
117.131999969482,-70
117.332000017166,-70
117.531999826431,-70
117.731999874115,-70
117.931999921799,-69
118.151999950409,-69
118.351999998093,-69
118.551999807358,-69
118.751999855042,-69
118.951999902725,-69
119.151999950409,-70
119.359999895096,-70
119.555999994278,-70
119.755999803543,-70
119.956999778748,-70
120.155999898911,-70
120.355999946594,-70
120.559000015259,-70
120.759000062943,-70
120.959999799728,-70
121.158999919891,-70
121.358999967575,-70
121.559000015259,-70
121.759999990463,-70
121.958999872208,-70
122.159999847412,-70
122.358999967575,-70
122.568999767303,-70
122.768999814987,-68
122.969999790192,-68
123.169999837875,-68
123.371000051498,-68
123.571999788284,-68
123.771999835968,-68
123.970999956131,-68
124.171000003815,-68
124.371999979019,-68
124.570999860764,-68
124.770999908447,-68
124.970999956131,-68
125.171999931335,-69
125.371000051498,-69
125.571999788284,-69
125.770999908447,-69
125.970999956131,-69
126.171000003815,-69
126.371000051498,-69
126.570999860764,-69
126.770999908447,-69
126.971999883652,-69
127.171999931335,-69
127.37299990654,-69
127.571999788284,-69
127.771999835968,-69
127.971999883652,-69
128.171999931335,-69
128.37299990654,-69
128.572999954224,-69
128.773999929428,-69
128.973999977112,-68
129.177999734879,-68
129.375,-68
129.575999975204,-68
129.774999856949,-68
129.980999946594,-68
130.176999807358,-68
130.377999782562,-68
130.576999902725,-68
130.776999950409,-68
130.976999759674,-68
131.176999807358,-68
131.376999855042,-69
131.577999830246,-69
131.77799987793,-69
131.977999687195,-69
132.177999734879,-69
132.377999782562,-69
132.577999830246,-70
132.77799987793,-70
132.977999687195,-70
133.178999900818,-70
133.377999782562,-70
133.578999996185,-70
133.77799987793,-69
133.978999853134,-69
134.177999734879,-69
134.378999948502,-69
134.577999830246,-69
134.77799987793,-69
134.978999853134,-69
135.177999734879,-69
135.377999782562,-69
135.578999996185,-69
135.77999997139,-69
135.980000019073,-69
136.179999828339,-69
136.379999876022,-69
136.580999851227,-69
136.780999898911,-69
136.980999946594,-69
137.180999755859,-69
137.380999803543,-70
137.595999956131,-70
137.796000003815,-70
137.99599981308,-70
138.195999860764,-70
138.395999908447,-70
138.596999883652,-70
138.796999931335,-70
138.998000144958,-70
139.197999954224,-70
139.398999929428,-70
139.598999977112,-70
139.799000024796,-70
139.999000072479,-70
140.199999809265,-70
140.399999856949,-70
140.599999904633,-70
140.800999879837,-70
141.000999927521,-70
141.200999736786,-70
141.40099978447,-70
141.601999759674,-70
141.800999879837,-70
142.001999855042,-70
142.201999664307,-70
142.40299987793,-70
142.601999759674,-70
142.802999973297,-70
143.003000020981,-70
143.203000068665,-70
143.40299987793,-70
143.602999925613,-68
143.802999973297,-68
144.003000020981,-68
144.203000068665,-68
144.40299987793,-68
144.603999853134,-68
144.802999973297,-68
145.003000020981,-68
145.203000068665,-68
145.40399980545,-68
145.602999925613,-68
145.802999973297,-68
146.003000020981,-70
146.203000068665,-70
146.40399980545,-70
146.602999925613,-70
146.802999973297,-70
147.003999948502,-70
147.203999996185,-69
147.404999732971,-69
147.603999853134,-69
147.803999900818,-69
148.003999948502,-69
148.203999996185,-69
148.40399980545,-70
148.603999853134,-70
148.803999900818,-70
149.003999948502,-70
149.207000017166,-70
149.407999992371,-70
149.607999801636,-68
149.80899977684,-68
150.007999897003,-68
150.208999872208,-68
150.411999940872,-68
150.612999916077,-68
150.8140001297,-70
151.012999773026,-70
151.212999820709,-70
151.412999868393,-70
151.616999864578,-70
151.812999725342,-70
152.012999773026,-70
152.212999820709,-70
152.412999868393,-70
152.612999916077,-70
152.8140001297,-70
153.012999773026,-70
153.212999820709,-69
153.412999868393,-69
153.612999916077,-69
153.812999725342,-69
154.012999773026,-69
154.213999986649,-69
154.414000034332,-69
154.617999792099,-69
154.817999839783,-69
155.017999887466,-69
155.217999696732,-69
155.417999744415,-69
155.617999792099,-69
155.817999839783,-69
156.019000053406,-69
156.218999862671,-69
156.418999910355,-69
156.618999958038,-69
156.819000005722,-69
157.019000053406,-70
157.220999956131,-70
157.421999931335,-70
157.621999979019,-70
157.822999954224,-70
158.023000001907,-70
158.223999977112,-70
158.423999786377,-70
158.624999761581,-70
158.824999809265,-70
159.024999856949,-70
159.224999904633,-70
159.424999952316,-70
159.625999689102,-70
159.825999736786,-70
160.02599978447,-70
160.225999832153,-70
160.425999879837,-70
160.626999855042,-69
160.826999902725,-69
161.02799987793,-69
161.227999925613,-69
161.428999900818,-69
161.628999948502,-69
161.828999757767,-69
162.02899980545,-69
162.228999853134,-69
162.430000066757,-69
162.630000114441,-69
162.828999757767,-69
163.02899980545,-69
163.228999853134,-69
163.428999900818,-69
163.628999948502,-69
163.828999757767,-69
164.02899980545,-69
164.228999853134,-70
164.428999900818,-70
164.628999948502,-70
164.828999757767,-70
165.02899980545,-70
165.230000019073,-70
165.430000066757,-69
165.630000114441,-69
165.829999923706,-69
166.02999997139,-69
166.230999946594,-69
166.430000066757,-69
166.631000041962,-70
166.830999851227,-70
167.031999826431,-70
167.230999946594,-70
167.431999921799,-70
167.631000041962,-70
167.830999851227,-70
168.030999898911,-70
168.235999822617,-70
168.43499994278,-70
168.635999917984,-70
168.835999965668,-70
169.036999940872,-70
169.240999937057,-70
169.440999746323,-70
169.641999721527,-70
169.84099984169,-70
170.040999889374,-70
170.240999937057,-70
170.440999746323,-70
170.641999721527,-70
170.841999769211,-70
171.041999816895,-70
171.241999864578,-70
171.441999673843,-70
171.641999721527,-69
171.841999769211,-69
172.041999816895,-69
172.241999864578,-69
172.441999673843,-69
172.641999721527,-69
172.841999769211,-69
173.041999816895,-69
173.243000030518,-69
173.444000005722,-69
173.643999814987,-69
173.843999862671,-69
174.043999910355,-69
174.249999761581,-69
174.449999809265,-69
174.649999856949,-69
174.849999666214,-69
175.050999879837,-69
175.251999855042,-69
175.46799993515,-69
175.667999982834,-69
175.867999792099,-69
176.067999839783,-69
176.267999887466,-69
176.468999862671,-69
176.668999910355,-69
176.870000123978,-69
177.069999933243,-69
177.270999908447,-69
177.470999956131,-69
177.671000003815,-70
177.871000051498,-70
178.070999860764,-70
178.270999908447,-70
178.471999883652,-70
178.671000003815,-70
178.871000051498,-69
179.070999860764,-69
179.271999835968,-69
179.472999811172,-69
179.671999931335,-69
179.871999979019,-69
180.072999954224,-69
180.272999763489,-69
180.472999811172,-69
180.672999858856,-69
180.873999834061,-69
181.073999881744,-69
181.27399969101,-69
181.473999738693,-69
181.673999786377,-69
181.873999834061,-69
182.073999881744,-69
182.27399969101,-69
182.491999864578,-68
182.691999912262,-68
182.891999959946,-68
183.092000007629,-68
183.292999744415,-68
183.492999792099,-68
183.691999912262,-70
183.891999959946,-70
184.092000007629,-70
184.292999744415,-70
184.492999792099,-70
184.694000005722,-70
184.892999887466,-70
185.09500002861,-70
185.295000076294,-70
185.49599981308,-70
185.696999788284,-70
185.897999763489,-70
186.097999811172,-70
186.297999858856,-70
186.497999668121,-70
186.698999881744,-70
186.898999929428,-70
187.098999977112,-70
187.299999952316,-70
187.499000072479,-70
187.699999809265,-70
187.898999929428,-70
188.101999998093,-70
188.302000045776,-70
188.50200009346,-70
188.702000141144,-69
188.911000013351,-69
189.110000133514,-69
189.30999994278,-69
189.509999990463,-69
189.710000038147,-69
189.910000085831,-69
190.110000133514,-69
190.3109998703,-69
190.509999990463,-69
190.710999965668,-69
190.911000013351,-69
191.111000061035,-69
191.3109998703,-69
191.510999917984,-69
191.711999893188,-69
191.911999940872,-69
192.111999988556,-69
192.311999797821,-69
192.511999845505,-69
192.711999893188,-69
192.912999868393,-69
193.112999916077,-69
193.313999891281,-69
193.513999700546,-69
193.71399974823,-69
193.913999795914,-69
194.113999843597,-69
194.313999891281,-69
194.513999700546,-69
194.71399974823,-70
194.913999795914,-70
195.113999843597,-70
195.313999891281,-70
195.513999700546,-70
195.71399974823,-70
195.913999795914,-70
196.113999843597,-70
196.315999984741,-70
196.513999700546,-70
196.714999914169,-70
196.918999910355,-70
197.118999958038,-69
197.319999933243,-69
197.519999980927,-69
197.719999790192,-69
197.919999837875,-69
198.119999885559,-69
198.319999933243,-70
198.533999919891,-70
198.732999801636,-70
198.932999849319,-70
199.132999897003,-70
199.334000110626,-70
199.533999919891,-69
199.733999967575,-69
199.934000015259,-69
200.134000062943,-69
200.334000110626,-69
200.535000085831,-69
200.733999967575,-69
200.934000015259,-69
201.134000062943,-69
201.335000038147,-69
201.535000085831,-69
201.734999895096,-69
201.93499994278,-69
202.136999845505,-69
202.335999965668,-69
202.536000013351,-69
202.735999822617,-69
202.936999797821,-69
203.135999917984,-69
203.335999965668,-68
203.536999940872,-68
203.736999750137,-68
203.937999725342,-68
204.137999773026,-68
204.338999986649,-68
204.537999868393,-69
204.739000082016,-69
204.939999818802,-69
205.139999866486,-69
205.339999914169,-69
205.540999889374,-69
205.740999937057,-69
205.940999746323,-69
206.141999959946,-69
206.342000007629,-69
206.542000055313,-69
206.742000102997,-69
206.942000150681,-69
207.141999959946,-69
207.342000007629,-69
207.542999982834,-69
207.742000102997,-69
207.943000078201,-69
208.141999959946,-70
208.345999717712,-70
208.544999837875,-70
208.744999885559,-70
208.944999933243,-70
209.144999742508,-70
209.344999790192,-69
209.545999765396,-69
209.746999979019,-69
209.947000026703,-69
210.147000074387,-69
210.346999883652,-69
210.546999931335,-69
210.74799990654,-69
210.947999954224,-69
211.148999929428,-69
211.348999738693,-69
211.549999952316,-69
211.75,-69
211.950000047684,-69
212.150000095367,-69
212.350000143051,-69
212.549999952316,-69
212.751999855042,-69
212.950999975204,-70
213.151000022888,-70
213.351999998093,-70
213.551999807358,-70
213.752999782562,-70
213.952999830246,-70
214.15399980545,-70
214.353999853134,-70
214.553999662399,-70
214.753999710083,-70
214.953999757767,-70
215.15399980545,-70
215.353999853134,-69
215.555999994278,-69
215.755999803543,-69
215.955999851227,-69
216.155999898911,-69
216.356999874115,-69
216.558000087738,-69
216.758000135422,-69
216.958999872208,-69
217.158999919891,-69
217.358999967575,-69
217.559000015259,-69
217.759000062943,-69
217.958999872208,-69
218.159999847412,-69
218.359999895096,-69
218.55999994278,-69
218.759999990463,-69
218.959999799728,-69
219.159999847412,-68
219.360999822617,-68
219.5609998703,-68
219.760999917984,-68
219.960999727249,-68
220.160999774933,-68
220.360999822617,-70
220.566999912262,-70
220.766999959946,-70
220.967000007629,-70
221.167999982834,-70
221.367999792099,-70
221.567999839783,-70
221.768999814987,-70
221.96799993515,-70
222.168999910355,-70
222.367999792099,-70
222.567999839783,-70
222.767999887466,-69
222.96799993515,-69
223.167999982834,-69
223.368999958038,-69
223.568999767303,-69
223.769999742508,-69
223.969999790192,-70
224.169999837875,-70
224.369999885559,-70
224.570999860764,-70
224.771999835968,-70
224.971999883652,-70
225.172999858856,-70
225.37299990654,-70
225.576999902725,-70
225.77799987793,-70
225.976999759674,-70
226.177999734879,-70
226.377999782562,-68
226.577999830246,-68
226.77799987793,-68
226.978999853134,-68
227.177999734879,-68
227.377999782562,-68
227.578999996185,-69
227.77999997139,-69
227.980000019073,-69
228.179999828339,-69
228.379999876022,-69
228.579999923706,-69
228.77999997139,-68
228.980000019073,-68
229.180999755859,-68
229.380999803543,-68
229.580999851227,-68
229.78200006485,-68
229.983000040054,-68
230.184000015259,-70
230.383999824524,-70
230.584999799728,-70
230.785999774933,-70
230.984999895096,-70
231.1859998703,-70
231.384999752045,-69
231.585999727249,-69
231.786999940872,-69
231.986999988556,-69
232.18700003624,-69
232.388000011444,-69
232.58899974823,-69
232.788999795914,-69
232.988999843597,-69
233.188999891281,-69
233.390000104904,-69
233.58899974823,-69
233.789999961853,-70
233.990000009537,-70
234.19000005722,-70
234.390000104904,-70
234.589999914169,-70
234.790999889374,-70
234.990999937057,-69
235.190999984741,-69
235.391000032425,-69
235.591000080109,-69
235.790999889374,-69
235.991999864578,-69
236.190999984741,-69
236.391000032425,-69
236.591000080109,-69
236.790999889374,-69
236.990999937057,-69
237.190999984741,-69
237.391000032425,-69
237.592000007629,-69
237.792999744415,-69
237.99399971962,-69
238.192999839783,-69
238.392999887466,-69
238.59299993515,-70
238.792999744415,-70
239.006000041962,-70
239.207000017166,-70
239.407999992371,-70
239.606999874115,-70
239.806999921799,-70
240.006999969482,-70
240.207000017166,-70
240.40700006485,-70
240.606999874115,-70
240.806999921799,-70
241.006999969482,-69
241.207999944687,-69
241.407999992371,-69
241.607999801636,-69
241.807999849319,-69
242.007999897003,-69
242.208999872208,-69
242.408999919891,-69
242.609999895096,-69
242.809999704361,-69
243.009999752045,-69
243.209999799728,-69
243.411000013351,-69
243.609999895096,-70
243.8109998703,-70
244.010999917984,-70
244.211999893188,-70
244.411999940872,-70
244.612999916077,-70
244.812999725342,-70
245.013999938965,-70
245.213999986649,-70
245.414999961853,-70
245.615000009537,-70
245.819000005722,-70
246.020999908447,-69
246.220999956131,-69
246.419999837875,-69
246.62099981308,-69
246.820999860764,-69
247.022000074387,-69
247.220999956131,-69
247.421999931335,-69
247.62299990654,-69
247.824999809265,-69
248.024999856949,-69
248.224999904633,-69
248.424999952316,-69
248.624999761581,-69
248.825999736786,-69
249.024999856949,-69
249.227999925613,-69
249.427000045776,-69
249.628000020981,-69
249.827999830246,-69
250.02799987793,-69
250.228999853134,-69
250.428999900818,-69
250.630000114441,-69
250.829999923706,-70
251.031999826431,-70
251.231999874115,-70
251.431999921799,-70
251.631999969482,-70
251.832000017166,-70
252.031999826431,-70
252.231999874115,-70
252.431999921799,-70
252.631999969482,-70
252.832000017166,-70
253.031999826431,-70
253.232999801636,-69
253.431999921799,-69
253.632999897003,-69
253.832999944687,-69
254.032999753952,-69
254.233999729156,-69
254.43399977684,-70
254.643999814987,-70
254.844999790192,-70
255.044999837875,-70
255.246999979019,-70
255.446000099182,-70
255.647000074387,-69
255.846999883652,-69
256.047999858856,-69
256.24799990654,-69
256.448999881744,-69
256.648999929428,-69
256.849999666214,-69
257.049999713898,-69
257.250999927521,-69
257.451999902725,-69
257.651000022888,-69
257.851000070572,-69
258.050999879837,-69
258.250999927521,-69
258.450999975204,-69
258.651000022888,-69
258.851000070572,-69
259.050999879837,-69
259.250999927521,-69
259.453999996185,-69
259.654000043869,-69
259.854000091553,-69
260.054000139236,-69
260.254999876022,-69
260.454999923706,-69
260.655999898911,-69
260.855000019073,-69
261.055999994278,-69
261.255999803543,-69
261.455999851227,-69
261.655999898911,-69
261.856999874115,-70
262.055999994278,-70
262.256999731064,-70
262.457999706268,-70
262.656999826431,-70
262.857999801636,-70
263.059000015259,-70
263.259000062943,-70
263.47000002861,-70
263.671000003815,-70
263.870000123978,-70
264.070999860764,-70
264.269999980927,-69
264.473999738693,-69
264.673999786377,-69
264.875,-69
265.075999975204,-69
265.274999856949,-69
265.474999904633,-69
265.674999952316,-69
265.875,-69
266.075999975204,-69
266.276000022888,-69
266.475999832153,-69
266.674999952316,-70
266.878999948502,-70
267.078999996185,-70
267.279000043869,-70
267.478999853134,-70
267.678999900818,-70
267.878999948502,-69
268.078999996185,-69
268.279000043869,-69
268.478999853134,-69
268.678999900818,-69
268.879999876022,-69
269.079999923706,-70
269.280999898911,-70
269.480999946594,-70
269.68199968338,-70
269.881999731064,-70
270.081999778748,-70
270.282999992371,-69
270.483000040054,-69
270.683000087738,-69
270.883999824524,-69
271.083999872208,-69
271.283999919891,-69
271.483999967575,-69
271.684000015259,-69
271.883999824524,-69
272.084999799728,-69
272.283999919891,-69
272.484999895096,-69
272.68499994278,-69
272.899999856949,-69
273.099999904633,-69
273.299999952316,-69
273.5,-69
273.699999809265,-69
273.899999856949,-69
274.100999832153,-69
274.299999952316,-69
274.500999927521,-69
274.699999809265,-69
274.90099978447,-69
275.100999832153,-69
275.302000045776,-69
275.50200009346,-69
275.703000068665,-69
275.90299987793,-69
276.103999853134,-69
276.303999900818,-70
276.504999876022,-70
276.704999923706,-70
276.905999660492,-70
277.106999874115,-70
277.307999849319,-70
277.507999897003,-69
277.707999944687,-69
277.908999919891,-69
278.110000133514,-69
278.30899977684,-69
278.508999824524,-69
278.710000038147,-69
278.908999919891,-69
279.110000133514,-69
279.30999994278,-69
279.510999917984,-69
279.712999820709,-69
279.922999858856,-69
280.12299990654,-69
280.322999954224,-69
280.523999929428,-69
280.723000049591,-69
280.931999921799,-69
281.129999876022,-69
281.329999685287,-69
281.529999732971,-69
281.729999780655,-69
281.930999994278,-69
282.131000041962,-69
282.332000017166,-69
282.531999826431,-70
282.737999677658,-70
282.938999891281,-70
283.138999938965,-70
283.339999914169,-70
283.539999961853,-70
283.740999937057,-69
283.939999818802,-69
284.139999866486,-69
284.339999914169,-69
284.539999961853,-69
284.740000009537,-69
284.939999818802,-70
285.139999866486,-70
285.339999914169,-70
285.539999961853,-70
285.740999937057,-70
285.940999746323,-70
286.140999794006,-70
286.34099984169,-70
286.540999889374,-70
286.740999937057,-70
286.940999746323,-70
287.140999794006,-70
287.34099984169,-70
287.540999889374,-70
287.740999937057,-70
287.940999746323,-70
288.140999794006,-70
288.34099984169,-70
288.540999889374,-69
288.740999937057,-69
288.940999746323,-69
289.140999794006,-69
289.342000007629,-69
289.540999889374,-69
289.742000102997,-70
289.942000150681,-70
290.142999887466,-70
290.342000007629,-70
290.542999982834,-70
290.743000030518,-70
290.943000078201,-69
291.142999887466,-69
291.34299993515,-69
291.542999982834,-69
291.743000030518,-69
291.943000078201,-69
292.147000074387,-70
292.346999883652,-70
292.549999952316,-70
292.75,-70
292.950000047684,-70
293.150000095367,-70
293.350000143051,-69
293.549999952316,-69
293.75,-69
293.950999975204,-69
294.150000095367,-69
294.350000143051,-69
294.549999952316,-69
294.75,-69
294.950000047684,-69
295.15299987793,-69
295.352999925613,-69
295.552999734879,-69
295.752999782562,-69
295.953999757767,-69
296.155999898911,-69
296.355000019073,-69
296.555000066757,-69
296.754999876022,-69
296.954999923706,-68
297.15499997139,-68
297.355000019073,-68
297.555000066757,-68
297.755999803543,-68
297.955999851227,-68
298.156999826431,-68
298.356999874115,-70
298.558000087738,-70
298.758000135422,-70
298.958999872208,-70
299.157999992371,-70
299.358999967575,-70
299.559000015259,-69
299.759000062943,-69
299.958999872208,-69
300.158999919891,-69
300.358999967575,-69
300.559000015259,-69
300.759000062943,-70
300.958999872208,-70
301.158999919891,-70
301.358999967575,-70
301.559000015259,-70
301.759000062943,-70
301.959999799728,-69
302.158999919891,-69
302.358999967575,-69
302.559000015259,-69
302.759000062943,-69
302.958999872208,-69
303.158999919891,-68
303.359999895096,-68
303.559000015259,-68
303.759999990463,-68
303.959999799728,-68
304.159999847412,-68
304.359999895096,-68
304.5609998703,-68
304.759999990463,-68
304.960999727249,-68
305.161999702454,-68
305.361999750137,-68
305.56299996376,-68
305.763000011444,-68
305.963000059128,-68
306.162999868393,-68
306.363999843597,-68
306.563999891281,-68
306.764999866486,-70
306.963999986649,-70
307.163999795914,-70
307.364999771118,-70
307.564999818802,-70
307.763999938965,-70
307.964999914169,-69
308.164999723434,-69
308.364999771118,-69
308.564999818802,-69
308.764999866486,-69
308.964999914169,-69
309.164999723434,-69
309.364999771118,-69
309.564999818802,-69
309.766000032425,-69
309.966000080109,-69
310.166000127792,-69
310.366999864578,-69
310.566999912262,-69
310.766999959946,-69
310.96799993515,-69
311.167000055313,-69
311.367999792099,-69
311.567999839783,-68
311.767999887466,-68
311.96799993515,-68
312.167999982834,-68
312.367999792099,-68
312.567999839783,-68
312.768999814987,-68
312.96799993515,-70
313.168999910355,-70
313.375999927521,-70
313.575999975204,-70
313.776999950409,-70
313.976999759674,-70
314.176999807358,-69
314.376999855042,-69
314.576999902725,-69
314.776999950409,-69
314.976999759674,-69
315.176999807358,-69
315.376999855042,-70
315.576999902725,-70
315.77999997139,-70
315.980999946594,-70
316.180999755859,-70
316.380999803543,-70
316.580999851227,-70
316.780999898911,-70
316.980999946594,-70
317.180999755859,-70
317.381999969482,-70
317.580999851227,-70
317.780999898911,-70
317.980999946594,-70
318.180999755859,-70
318.380999803543,-70
318.580999851227,-70
318.780999898911,-70
318.980999946594,-70
319.181999921799,-70
319.381999969482,-70
319.582999944687,-70
319.783999919891,-70
319.983000040054,-70
320.183000087738,-70
320.382999897003,-70
320.583999872208,-70
320.783999919891,-70
320.983999967575,-70
321.184000015259,-70
321.383999824524,-69
321.583999872208,-69
321.783999919891,-69
321.983999967575,-69
322.184000015259,-69
322.383999824524,-69
322.583999872208,-70
322.785999774933,-70
322.985999822617,-70
323.1859998703,-70
323.387000083923,-70
323.586999893188,-70
323.786999940872,-68
323.990000009537,-68
324.19000005722,-68
324.390000104904,-68
324.589999914169,-68
324.790999889374,-68
324.990000009537,-68
325.19000005722,-70
325.394999980927,-70
325.59500002861,-70
325.796000003815,-70
325.998000144958,-70
326.197999954224,-70
326.398000001907,-69
326.598000049591,-69
326.799000024796,-69
326.998000144958,-69
327.197999954224,-69
327.398999929428,-69
327.598999977112,-68
327.799000024796,-68
327.999000072479,-68
328.198999881744,-68
328.398999929428,-68
328.598999977112,-68
328.799000024796,-69
328.999000072479,-69
329.199999809265,-69
329.398999929428,-69
329.599999904633,-69
329.799000024796,-69
329.999000072479,-69
330.199999809265,-69
330.398999929428,-69
330.599999904633,-69
330.799999952316,-69
330.999000072479,-69
331.199999809265,-68
331.398999929428,-68
331.599999904633,-68
331.799000024796,-68
331.999000072479,-68
332.198999881744,-68
332.399999856949,-70
332.600999832153,-70
332.799999952316,-70
333.000999927521,-70
333.199999809265,-70
333.40099978447,-70
333.599999904633,-70
333.800999879837,-70
334.000999927521,-70
334.199999809265,-70
334.399999856949,-70
334.599999904633,-70
334.799999952316,-70
335,-70
335.199999809265,-70
335.399999856949,-70
335.599999904633,-70
335.799999952316,-70
336,-70
336.199999809265,-70
336.40099978447,-70
336.599999904633,-70
336.799999952316,-70
337,-70
337.199999809265,-70
337.399999856949,-70
337.599999904633,-70
337.799999952316,-70
338,-70
338.199999809265,-70
338.399999856949,-70
338.600999832153,-70
338.800999879837,-70
339.001999855042,-70
339.200999736786,-70
339.40199971199,-70
339.602999925613,-70
339.802999973297,-70
340.003000020981,-70
340.203000068665,-70
340.40299987793,-70
340.602999925613,-70
340.803999900818,-70
341.003999948502,-70
341.204999923706,-70
341.40399980545,-70
341.604999780655,-70
341.804999828339,-70
342.004999876022,-70
342.204999923706,-69
342.406000137329,-69
342.605999946594,-69
342.804999828339,-69
343.006000041962,-69
343.207000017166,-69
343.40700006485,-68
343.607999801636,-68
343.807999849319,-68
344.008999824524,-68
344.208999872208,-68
344.409999847412,-68
344.611000061035,-70
344.811999797821,-70
345.012999773026,-70
345.211999893188,-70
345.411999940872,-70
345.611999988556,-70
345.812999725342,-70
346.013999938965,-70
346.213999986649,-70
346.414999961853,-70
346.615000009537,-70
346.81500005722,-70
347.017999887466,-69
347.217999696732,-69
347.417999744415,-69
347.617999792099,-69
347.817999839783,-69
348.019000053406,-69
348.218999862671,-69
348.419999837875,-69
348.618999958038,-69
348.819000005722,-69
349.019000053406,-69
349.218999862671,-69
349.418999910355,-70
349.618999958038,-70
349.819000005722,-70
350.019999980927,-70
350.219999790192,-70
350.418999910355,-70
350.619999885559,-69
350.820999860764,-69
351.020999908447,-69
351.22200012207,-69
351.421999931335,-69
351.621999979019,-69
351.822999954224,-69
352.023000001907,-69
352.22200012207,-69
352.422999858856,-69
352.623999834061,-69
352.823999881744,-69
353.024999856949,-69
353.224999904633,-68
353.425999879837,-68
353.624999761581,-68
353.827999830246,-68
354.02599978447,-68
354.226999998093,-68
354.427999973297,-70
354.626999855042,-70
354.827999830246,-70
355.02799987793,-70
355.228999853134,-70
355.428999900818,-70
355.631000041962,-68
355.830999851227,-68
356.031999826431,-68
356.231999874115,-68
356.431999921799,-68
356.631999969482,-68
356.832000017166,-69
357.032999753952,-69
357.231999874115,-69
357.431999921799,-69
357.631999969482,-69
357.832000017166,-69
358.032999753952,-70
358.232999801636,-70
358.43399977684,-70
358.632999897003,-70
358.832999944687,-70
359.033999681473,-70
359.234999895096,-69
359.43399977684,-69
359.633999824524,-69
359.835000038147,-69
360.035000085831,-69
360.235999822617,-69
360.43499994278,-69
360.634999990463,-69
360.835000038147,-69
361.035000085831,-69
361.235999822617,-69
361.43799996376,-69
361.636999845505,-69
361.838000059128,-69
362.038000106812,-69
362.239000082016,-69
362.438999891281,-69
362.639999866486,-69
362.838999986649,-68
363.039999961853,-68
363.239000082016,-68
363.438999891281,-68
363.638999938965,-68
363.838999986649,-68
364.039000034332,-69
364.239000082016,-69
364.438999891281,-69
364.638999938965,-69
364.839999914169,-69
365.040999889374,-69
365.240999937057,-69
365.440999746323,-70
365.640999794006,-70
365.84099984169,-70
366.040999889374,-70
366.241999864578,-70
366.440999746323,-70
366.640999794006,-68
366.84099984169,-68
367.041999816895,-68
367.243000030518,-68
367.441999673843,-68
367.642999887466,-68
367.84299993515,-70
368.042999982834,-70
368.243000030518,-70
368.443000078201,-70
368.642999887466,-70
368.843999862671,-70
369.047999858856,-69
369.246999979019,-69
369.447000026703,-69
369.647000074387,-69
369.847999811172,-69
370.046999931335,-69
370.246999979019,-70
370.447000026703,-70
370.647000074387,-70
370.846999883652,-70
371.046999931335,-70
371.246999979019,-70
371.447000026703,-68
371.647000074387,-68
371.846999883652,-68
372.046999931335,-68
372.24799990654,-68
372.447999954224,-68
372.648999929428,-69
372.847999811172,-69
373.047999858856,-69
373.248999834061,-69
373.447999954224,-69
373.648999929428,-69
373.847999811172,-69
374.047999858856,-69
374.24799990654,-69
374.447999954224,-69
374.648000001907,-69
374.848999738693,-69
375.048999786377,-69
375.248999834061,-69
375.448999881744,-69
375.648999929428,-69
375.848999738693,-69
376.049999713898,-69
376.249999761581,-69
376.450999975204,-69
376.649999856949,-69
376.851000070572,-69
377.050999879837,-69
377.250999927521,-69
377.450999975204,-69
377.651000022888,-69
377.851000070572,-69
378.050999879837,-69
378.250999927521,-69
378.450999975204,-69
378.651000022888,-69
378.851000070572,-69
379.051999807358,-69
379.251999855042,-69
379.452999830246,-69
379.65299987793,-69
379.855999946594,-69
380.055999994278,-68
380.256999731064,-68
380.455999851227,-68
380.656999826431,-68
380.856999874115,-68
381.056999921799,-68
381.256999731064,-68
381.456999778748,-68
381.656999826431,-68
381.856999874115,-68
382.057999849319,-68
382.257999658585,-68
382.458999872208,-69
382.661999940872,-69
382.861999988556,-69
383.06200003624,-69
383.262000083923,-69
383.462000131607,-69
383.661999940872,-69
383.861999988556,-69
384.06200003624,-69
384.262000083923,-69
384.463999986649,-69
384.664999723434,-69
384.864999771118,-69
385.064999818802,-69
385.266999959946,-69
385.46799993515,-69
385.667999982834,-69
385.868999958038,-69
386.068999767303,-69
386.269999980927,-69
386.47000002861,-69
386.670000076294,-69
386.870000123978,-69
387.069999933243,-69
387.269999980927,-69
387.470999956131,-69
387.670000076294,-69
387.870000123978,-69
388.069999933243,-69
388.270999908447,-69
388.470999956131,-69
388.671000003815,-69
388.871000051498,-69
389.070999860764,-69
389.270999908447,-69
389.471999883652,-69
389.671999931335,-68
389.873999834061,-68
390.078999996185,-68
390.279000043869,-68
390.480000019073,-68
390.679999828339,-68
390.879999876022,-68
391.080999851227,-68
391.280999898911,-68
391.481999874115,-68
391.68199968338,-68
391.881999731064,-68
392.081999778748,-68
392.281999826431,-70
392.483000040054,-70
392.684000015259,-70
392.883999824524,-70
393.083999872208,-70
393.283999919891,-70
393.483999967575,-68
393.684000015259,-68
393.883999824524,-68
394.084999799728,-68
394.286000013351,-68
394.486000061035,-68
394.686000108719,-70
394.885999917984,-70
395.086999893188,-70
395.286999940872,-70
395.486999988556,-70
395.68799996376,-70
395.887000083923,-70
396.089999675751,-70
396.289999723434,-70
396.489999771118,-70
396.689999818802,-70
396.889999866486,-70
397.089999675751,-69
397.289999723434,-69
397.489999771118,-69
397.689999818802,-69
397.889999866486,-69
398.089999675751,-69
398.289999723434,-68
398.489999771118,-68
398.689999818802,-68
398.889999866486,-68
399.089999675751,-68
399.289999723434,-68
399.489999771118,-70
399.689999818802,-70
399.889999866486,-70
400.089999675751,-70
400.289999723434,-70
400.489999771118,-70
400.689999818802,-68
400.889999866486,-68
401.089999675751,-68
401.289999723434,-68
401.489999771118,-68
401.689999818802,-68
401.891000032425,-69
402.091000080109,-69
402.289999723434,-69
402.490999937057,-69
402.689999818802,-69
402.891000032425,-69
403.089999675751,-70
403.290999889374,-70
403.491999864578,-70
403.691999912262,-70
403.892999887466,-70
404.09299993515,-70
404.292999744415,-69
404.492999792099,-69
404.692999839783,-69
404.892999887466,-69
405.09299993515,-69
405.294000148773,-69
405.494999885559,-68
405.703000068665,-68
405.895999908447,-68
406.095999956131,-68
406.296999931335,-68
406.496999740601,-68
406.697999715805,-70
406.896999835968,-70
407.096999883652,-70
407.297999858856,-70
407.497999668121,-70
407.698999881744,-70
407.898999929428,-70
408.097999811172,-69
408.302999973297,-69
408.504999876022,-69
408.704999923706,-69
408.904999732971,-69
409.104999780655,-69
409.304999828339,-69
409.504999876022,-69
409.705999851227,-69
409.907999992371,-69
410.107999801636,-69
410.30899977684,-69
410.508999824524,-69
410.708999872208,-69
410.908999919891,-69
411.110000133514,-69
411.30999994278,-69
411.510999917984,-69
411.710000038147,-69
411.910000085831,-69
412.110000133514,-69
412.30999994278,-69
412.509999990463,-69
412.710999965668,-69
412.911000013351,-69
413.111000061035,-69
413.311999797821,-69
413.510999917984,-69
413.711999893188,-69
413.911999940872,-69
414.112999916077,-70
414.311999797821,-70
414.511999845505,-70
414.711999893188,-70
414.911999940872,-70
415.111999988556,-70
415.312999725342,-68
415.512999773026,-68
415.712999820709,-68
415.911999940872,-68
416.111999988556,-68
416.312999725342,-68
416.512999773026,-70
416.712999820709,-70
416.913999795914,-70
417.113999843597,-70
417.31500005722,-70
417.514999866486,-70
417.714999914169,-69
417.918999910355,-69
418.119999885559,-69
418.319999933243,-69
418.520999908447,-69
418.719999790192,-69
418.919999837875,-69
419.119999885559,-69
419.319999933243,-69
419.519999980927,-69
419.719999790192,-69
419.922999858856,-69
420.12099981308,-70
420.320999860764,-70
420.520999908447,-70
420.721999883652,-70
420.920999765396,-70
421.121999740601,-70
421.320999860764,-68
421.521999835968,-68
421.721999883652,-68
421.922999858856,-68
422.121999740601,-68
422.322999954224,-68
422.523000001907,-68
422.723999977112,-68
422.922999858856,-68
423.12299990654,-68
423.322999954224,-68
423.523999929428,-68
423.727999925613,-68
423.928999900818,-69
424.128999948502,-69
424.328999757767,-69
424.529999732971,-69
424.729999780655,-69
424.930999994278,-69
425.131000041962,-70
425.329999685287,-70
425.529999732971,-70
425.729999780655,-70
425.930999994278,-70
426.131000041962,-70
426.330999851227,-70
426.535000085831,-70
426.735999822617,-70
426.9359998703,-70
427.135999917984,-70
427.337999820709,-70
427.537999868393,-68
427.740000009537,-68
427.938999891281,-68
428.139999866486,-68
428.339999914169,-68
428.540999889374,-68
428.742000102997,-70
428.942000150681,-70
429.141999959946,-70
429.34299993515,-70
429.542999982834,-70
429.743000030518,-70
429.945999860764,-69
430.147000074387,-69
430.347999811172,-69
430.546999931335,-69
430.746999979019,-69
430.947000026703,-69
431.147000074387,-69
431.346999883652,-69
431.547999858856,-69
431.74799990654,-69
431.947999954224,-69
432.148999929428,-69
432.348999738693,-70
432.549999952316,-70
432.75,-70
432.950000047684,-70
433.150000095367,-70
433.350000143051,-70
433.551999807358,-69
433.758000135422,-69
433.956999778748,-69
434.158999919891,-69
434.359999895096,-69
434.559000015259,-69
434.759999990463,-68
434.958999872208,-68
435.158999919891,-68
435.358999967575,-68
435.559000015259,-68
435.759000062943,-68
435.958999872208,-69
436.158999919891,-69
436.359999895096,-69
436.55999994278,-69
436.759999990463,-69
436.960999727249,-69
437.159999847412,-70
437.360999822617,-70
437.5609998703,-70
437.760999917984,-70
437.960999727249,-70
438.161999702454,-70
438.361999750137,-70
438.56299996376,-70
438.763000011444,-70
438.963999986649,-70
439.163999795914,-70
439.364999771118,-70
439.567999839783,-70
439.767999887466,-70
439.96799993515,-70
440.168999910355,-70
440.368999958038,-70
440.568999767303,-70
440.768999814987,-70
440.968999862671,-68
441.168999910355,-68
441.371000051498,-68
441.570999860764,-68
441.770999908447,-68
441.970999956131,-68
442.171000003815,-69
442.371000051498,-69
442.571999788284,-69
442.771999835968,-69
442.972999811172,-69
443.174000024796,-69
443.37299990654,-69
443.575999975204,-69
443.774999856949,-69
443.974999904633,-69
444.175999879837,-69
444.376999855042,-69
444.577999830246,-69
444.77799987793,-69
444.978999853134,-69
445.177999734879,-69
445.377999782562,-69
445.577999830246,-69
445.779000043869,-69
445.978999853134,-69
446.179999828339,-69
446.379999876022,-69
446.579999923706,-69
446.77999997139,-69
446.980000019073,-69
447.179999828339,-69
447.379999876022,-69
447.580999851227,-69
447.78200006485,-69
447.982000112534,-69
448.183000087738,-70
448.382999897003,-70
448.582999944687,-70
448.783999919891,-70
448.983999967575,-70
449.18499994278,-70
449.383999824524,-69
449.584999799728,-69
449.784999847412,-69
449.984999895096,-69
450.18499994278,-69
450.385999679565,-69
450.586999893188,-70
450.786999940872,-70
450.986999988556,-70
451.18700003624,-70
451.388000011444,-70
451.586999893188,-70
451.787999868393,-70
451.990000009537,-70
452.19000005722,-70
452.390000104904,-70
452.589999914169,-70
452.789999961853,-70
452.990000009537,-70
453.193999767303,-70
453.393999814987,-70
453.596999883652,-70
453.798000097275,-70
453.998000144958,-70
454.196999788284,-70
454.398000001907,-69
454.598000049591,-69
454.798000097275,-69
454.998000144958,-69
455.198999881744,-69
455.398999929428,-69
455.598999977112,-68
455.799999952316,-68
456,-68
456.199999809265,-68
456.399999856949,-68
456.600999832153,-68
456.800999879837,-68
457.001999855042,-68
457.200999736786,-68
457.40099978447,-68
457.600999832153,-68
457.801999807358,-68
458.000999927521,-68
458.201999664307,-68
458.40299987793,-68
458.604999780655,-68
458.803999900818,-68
459.003999948502,-68
459.203999996185,-69
459.40399980545,-69
459.617999792099,-69
459.819999933243,-69
460.019999980927,-69
460.219999790192,-69
460.420999765396,-69
460.62099981308,-69
460.819999933243,-69
461.019999980927,-69
461.220999956131,-69
461.420999765396,-69
461.62099981308,-70
461.822000026703,-70
462.022000074387,-70
462.22200012207,-70
462.425999879837,-70
462.625999689102,-70
