x,y
0,-80
0.200000047683716,-80
0.400999784469604,-80
0.598999977111816,-80
0.799000024795532,-80
1,-80
1.20099997520447,-80
1.4009997844696,-80
1.60099983215332,-80
1.80099987983704,-80
2.00099992752075,-80
2.20099997520447,-80
2.4009997844696,-85
2.60099983215332,-85
2.79999995231628,-85
3,-85
3.20000004768372,-85
3.4009997844696,-85
3.60099983215332,-80
3.80399990081787,-80
4.00099992752075,-80
4.20299983024597,-80
4.39999985694885,-80
4.60099983215332,-80
4.80099987983704,-83
5.00099992752075,-83
5.20599985122681,-83
5.40199995040894,-83
5.60199975967407,-83
5.80299973487854,-83
6.00599980354309,-78
6.21199989318848,-78
6.41099977493286,-78
6.61099982261658,-78
6.81599998474121,-78
7.01199984550476,-78
7.21199989318848,-83
7.41299986839294,-83
7.61299991607666,-83
7.81599998474121,-83
8.01399993896484,-83
8.21499991416931,-83
8.42000007629395,-80
8.61699986457825,-80
8.81899976730347,-80
9.01899981498718,-80
9.22000002861023,-80
9.41899967193604,-80
9.62099981307983,-79
9.81799983978271,-79
10.0189998149872,-79
10.2200000286102,-79
10.4210000038147,-79
10.6289999485016,-79
10.8219997882843,-80
11.021999835968,-80
11.2230000495911,-80
11.4249999523163,-80
11.6259999275208,-80
11.8259997367859,-80
12.0269997119904,-80
12.2249999046326,-80
12.425999879837,-80
12.6259999275208,-80
12.8249998092651,-80
13.0249998569489,-80
13.2249999046326,-86
13.425999879837,-86
13.6259999275208,-86
13.8259997367859,-86
14.0269997119904,-86
14.2259998321533,-86
14.425999879837,-85
14.6269998550415,-85
14.8289999961853,-85
15.0289998054504,-85
15.2299997806549,-85
15.4289999008179,-85
15.6289999485016,-80
15.8289999961853,-80
16.0289998054504,-80
16.2309999465942,-80
16.4319999217987,-80
16.6299998760223,-80
16.8299999237061,-80
17.0299997329712,-80
17.2309999465942,-80
17.4319999217987,-80
17.6379997730255,-80
17.8379998207092,-80
18.0379998683929,-80
18.2379999160767,-80
18.4400000572205,-80
18.6419997215271,-80
18.8389999866486,-80
19.0449998378754,-80
19.2400000095367,-79
19.4400000572205,-79
19.6389999389648,-79
19.8389999866486,-79
20.039999961853,-79
20.2409999370575,-79
20.441999912262,-84
20.6429998874664,-84
20.8419997692108,-84
21.0419998168945,-84
21.2459998130798,-84
21.444000005722,-84
21.6449999809265,-84
21.8419997692108,-84
22.0459997653961,-84
22.2459998130798,-84
22.4479999542236,-84
22.6470000743866,-84
22.8489999771118,-84
23.0459997653961,-79
23.2499997615814,-79
23.4479999542236,-79
23.6480000019073,-79
23.8489999771118,-79
24.0469999313354,-79
24.2469999790192,-84
24.4470000267029,-84
24.6480000019073,-84
24.8499999046326,-84
25.0499997138977,-84
25.2499997615814,-84
25.4509997367859,-84
25.6489999294281,-84
25.8519999980927,-84
26.0499997138977,-84
26.2539999485016,-84
26.4519999027252,-84
26.6519999504089,-85
26.8519999980927,-85
27.050999879837,-85
27.2509996891022,-85
27.4509997367859,-85
27.6509997844696,-85
27.8519999980927,-84
28.0550000667572,-84
28.2529997825623,-84
28.4549999237061,-84
28.6569998264313,-84
28.8559999465942,-84
29.055999994278,-79
29.2669997215271,-79
29.4569997787476,-79
29.6589996814728,-79
29.8589997291565,-79
30.0589997768402,-79
30.2589998245239,-79
30.4589998722076,-79
30.6619999408722,-79
30.8639998435974,-79
31.0639998912811,-79
31.2639999389648,-79
31.4639999866486,-84
31.664999961853,-84
31.8659999370575,-84
32.0669996738434,-84
32.2689998149872,-84
32.4689998626709,-84
32.6689999103546,-79
32.8689999580383,-79
33.069000005722,-79
33.2689998149872,-79
33.4689998626709,-79
33.6689999103546,-79
33.8699998855591,-79
34.0699999332428,-79
34.2699997425079,-79
34.470999956131,-79
34.6710000038147,-79
34.8710000514984,-79
35.0710000991821,-79
35.2709999084473,-82
35.470999956131,-82
35.6710000038147,-82
35.8719999790192,-82
36.0710000991821,-82
36.2720000743866,-82
36.4719998836517,-78
36.6719999313354,-78
36.8739998340607,-78
37.0769999027252,-78
37.2730000019073,-78
37.474999666214,-78
37.6729998588562,-80
37.8739998340607,-80
38.0739998817444,-80
38.2749998569489,-80
38.4739997386932,-80
38.673999786377,-80
38.8739998340607,-79
39.0749998092651,-79
39.2739999294281,-79
39.474999666214,-79
39.6749997138977,-79
39.8749997615814,-79
40.0749998092651,-84
40.279000043869,-84
40.4790000915527,-84
40.6790001392365,-84
40.8789999485016,-84
41.0789999961853,-84
41.279000043869,-79
41.4790000915527,-79
41.6790001392365,-79
41.8789999485016,-79
42.0789999961853,-79
42.279000043869,-79
42.4790000915527,-83
42.6790001392365,-83
42.8789999485016,-83
43.0789999961853,-83
43.279000043869,-83
43.4779999256134,-83
43.6779997348785,-80
43.8779997825623,-80
44.077999830246,-80
44.279000043869,-80
44.4839999675751,-80
44.6800000667572,-80
44.8809998035431,-79
45.0819997787476,-79
45.282999753952,-79
45.4829998016357,-79
45.6870000362396,-79
45.885999917984,-79
46.0870001316071,-80
46.2859997749329,-80
46.4859998226166,-80
46.6859998703003,-80
46.8870000839233,-80
47.0870001316071,-80
47.2869999408722,-80
47.4869999885559,-80
47.6870000362396,-80
47.8899998664856,-80
48.0880000591278,-80
48.2899997234344,-80
48.4879999160767,-86
48.6949999332428,-86
48.8909997940063,-86
49.0989997386932,-86
49.2950000762939,-86
49.4950001239777,-86
49.6949999332428,-86
49.8949999809265,-84
50.0950000286102,-84
50.2950000762939,-84
50.4979999065399,-84
50.6979997158051,-84
50.896999835968,-84
51.0979998111725,-87
51.2969999313354,-87
51.4979999065399,-87
51.6969997882843,-87
51.896999835968,-87
52.0969998836517,-87
52.2969999313354,-84
52.4969999790192,-84
52.7000000476837,-84
52.904000043869,-84
53.1089999675751,-84
53.3069996833801,-84
53.5079998970032,-81
53.7149996757507,-81
53.9110000133514,-81
54.1110000610352,-81
54.3110001087189,-81
54.510999917984,-81
54.7109999656677,-79
54.9110000133514,-79
55.1110000610352,-79
55.3129999637604,-79
55.510999917984,-79
55.7109999656677,-79
55.9110000133514,-79
56.1110000610352,-79
56.3110001087189,-79
56.5119998455048,-79
56.7149996757507,-79
56.9139997959137,-79
57.1139998435974,-85
57.3309998512268,-85
57.5269999504089,-85
57.7289998531342,-85
57.9279999732971,-85
58.1289999485016,-85
58.3280000686646,-78
58.5299997329712,-78
58.7279999256134,-78
58.9279999732971,-78
59.1280000209808,-78
59.335000038147,-78
59.5289998054504,-77
59.7289998531342,-77
59.9289999008179,-77
60.1289999485016,-77
60.3280000686646,-77
60.5279998779297,-77
60.7279999256134,-78
60.9279999732971,-78
61.1289999485016,-78
61.3299999237061,-78
61.5309996604919,-78
61.7309997081757,-78
61.9309997558594,-79
62.1329998970032,-79
62.3339998722076,-79
62.5339999198914,-79
62.7329998016357,-79
62.9329998493195,-79
63.1349999904633,-79
63.3339998722076,-79
63.5329999923706,-79
63.7360000610352,-79
63.936999797821,-79
64.135999917984,-79
64.3359999656677,-79
64.5369999408722,-80
64.7360000610352,-80
64.9359998703003,-80
65.1369998455048,-80
65.3369998931885,-80
65.5419998168945,-80
65.7379999160767,-84
65.9379997253418,-84
66.1419997215271,-84
66.3409998416901,-84
66.5419998168945,-84
66.7400000095367,-84
66.9469997882843,-79
67.1599998474121,-79
67.3539998531342,-79
67.5539999008179,-79
67.7560000419617,-79
67.9549996852875,-79
68.1549997329712,-85
68.3539998531342,-85
68.5539999008179,-85
68.7549998760223,-85
68.9549996852875,-85
69.1549997329712,-85
69.3549997806549,-79
69.5549998283386,-79
69.7560000419617,-79
69.9559998512268,-79
70.1569998264313,-79
70.3579998016357,-79
70.5579998493195,-85
70.7599999904633,-85
70.9590001106262,-85
71.1610000133514,-85
71.3739998340607,-85
71.5659997463226,-85
71.7669999599457,-85
71.9699997901917,-85
72.1709997653961,-85
72.3719999790192,-85
72.5709998607635,-85
72.7699997425079,-85
72.9709997177124,-85
73.1699998378754,-85
73.3719999790192,-85
73.5709998607635,-85
73.7720000743866,-85
73.9800000190735,-85
74.1719999313354,-85
74.3719999790192,-85
74.5720000267029,-85
74.7730000019073,-85
74.9739997386932,-85
75.173999786377,-85
75.3739998340607,-79
75.5739998817444,-79
75.7739999294281,-79
75.9739997386932,-79
76.173999786377,-79
76.3739998340607,-79
76.5739998817444,-78
76.7760000228882,-78
76.9769999980927,-78
77.175999879837,-78
77.3759999275208,-78
77.5769999027252,-78
77.7760000228882,-78
77.9769999980927,-84
78.1769998073578,-84
78.3769998550415,-84
78.5789997577667,-84
78.7769999504089,-84
78.9769999980927,-84
79.1779997348785,-84
79.3849999904633,-84
79.5789997577667,-84
79.7799999713898,-84
79.981999874115,-84
80.1819999217987,-84
80.3830001354218,-79
80.5839998722076,-79
80.7829999923706,-79
80.9830000400543,-79
81.183000087738,-79
81.3849999904633,-79
81.5849997997284,-85
81.7839999198914,-85
81.9869997501373,-85
82.1840000152588,-85
82.3849999904633,-85
82.5839998722076,-85
82.8079998493195,-84
82.9919998645782,-84
83.1979997158051,-84
83.3929998874664,-84
83.5979998111725,-84
83.7990000247955,-84
84,-79
84.2000000476837,-79
84.3999998569489,-79
84.5999999046326,-79
84.7999999523163,-79
85.0009999275208,-79
85.2000000476837,-80
85.4009997844696,-80
85.6009998321533,-80
85.8049998283386,-80
86.0009999275208,-80
86.2009999752045,-80
86.4009997844696,-85
86.6019997596741,-85
86.8029997348785,-85
87.0039999485016,-85
87.2039999961853,-85
87.404000043869,-85
87.6039998531342,-84
87.8039999008179,-84
88.0039999485016,-84
88.2049999237061,-84
88.4049999713898,-84
88.6049997806549,-84
88.8059997558594,-86
89.0059998035431,-86
89.2059998512268,-86
89.4070000648499,-86
89.6070001125336,-86
89.8069999217987,-86
90.0069999694824,-80
90.2099997997284,-80
90.4070000648499,-80
90.6139998435974,-80
90.8090000152588,-80
91.0099997520447,-80
91.2089998722076,-86
91.4089999198914,-86
91.6089999675751,-86
91.8099999427795,-86
92.0099997520447,-86
92.2099997997284,-86
92.4099998474121,-85
92.6099998950958,-85
92.8099999427795,-85
93.0099997520447,-85
93.2099997997284,-85
93.4099998474121,-85
93.6109998226166,-79
93.8150000572205,-79
94.0119998455048,-79
94.2119998931885,-79
94.414999961853,-79
94.6129999160767,-79
94.8150000572205,-79
95.0130000114441,-79
95.2160000801086,-79
95.4139997959137,-79
95.6139998435974,-79
95.8139998912811,-79
96.0139999389648,-79
96.21399974823,-79
96.4139997959137,-79
96.6139998435974,-79
96.8139998912811,-79
97.0139999389648,-79
97.21399974823,-79
97.4139997959137,-85
97.6139998435974,-85
97.8159999847412,-85
98.0160000324249,-85
98.2160000801086,-85
98.4159998893738,-85
98.617999792099,-79
98.8189997673035,-79
99.0179998874664,-79
99.2179999351501,-79
99.418999671936,-79
99.6189997196198,-79
99.8199999332428,-79
100.018999814987,-79
100.218999862671,-79
100.420000076294,-79
100.619999885559,-79
100.819999933243,-79
101.019999980927,-79
101.224999904633,-79
101.421000003815,-79
101.62099981308,-79
101.820999860764,-79
102.020999908447,-79
102.22000002861,-85
102.420000076294,-85
102.619999885559,-85
102.819999933243,-85
103.023999929428,-85
103.223000049591,-85
103.421999931335,-86
103.62299990654,-86
103.823999881744,-86
104.021999835968,-86
104.225999832153,-86
104.424000024796,-86
104.628999948502,-86
104.825999736786,-86
105.02699971199,-86
105.226999759674,-86
105.426999807358,-86
105.626999855042,-86
105.826999664307,-85
106.02799987793,-85
106.227999925613,-85
106.427999973297,-85
106.626999855042,-85
106.826999664307,-85
107.02699971199,-85
107.227999925613,-85
107.427999973297,-85
107.628000020981,-85
107.831000089645,-85
108.02699971199,-85
108.227999925613,-84
108.427999973297,-84
108.628000020981,-84
108.829999923706,-84
109.029999732971,-84
109.229999780655,-84
109.43399977684,-84
109.632999897003,-84
109.833999872208,-84
110.0609998703,-84
110.236999988556,-84
110.4390001297,-84
110.637999773026,-84
110.839999914169,-84
111.037999868393,-84
111.237999916077,-84
111.437999725342,-84
111.638999938965,-84
111.839999914169,-84
112.039000034332,-79
112.246999979019,-79
112.440999984741,-79
112.641999721527,-79
112.842999696732,-79
113.043999910355,-79
113.243999958038,-78
113.445999860764,-78
113.644999980927,-78
113.844999790192,-78
114.044999837875,-78
114.244999885559,-78
114.445999860764,-79
114.644999980927,-79
114.844999790192,-79
115.045999765396,-79
115.24599981308,-79
115.447999954224,-79
115.647000074387,-80
115.845999717712,-80
116.046999931335,-80
116.246999979019,-80
116.447000026703,-80
116.647000074387,-80
116.84700012207,-84
117.050999879837,-84
117.24599981308,-84
117.447999954224,-84
117.647000074387,-84
117.84700012207,-84
118.046999931335,-78
118.246999979019,-78
118.447000026703,-78
118.648000001907,-78
118.852999925613,-78
119.048999786377,-78
119.266999721527,-80
119.451999902725,-80
119.651999950409,-80
119.851999998093,-80
120.052000045776,-80
120.251999855042,-80
120.452999830246,-80
120.651999950409,-80
120.851999998093,-80
121.052999973297,-80
121.255000114441,-80
121.451999902725,-80
121.65299987793,-79
121.853999853134,-79
122.052000045776,-79
122.252999782562,-79
122.454999923706,-79
122.65299987793,-79
122.853999853134,-79
123.055000066757,-79
123.252999782562,-79
123.452999830246,-79
123.65399980545,-79
123.855999946594,-79
124.05899977684,-79
124.256000041962,-84
124.453999757767,-84
124.656999826431,-84
124.855000019073,-84
125.055000066757,-84
125.255000114441,-84
125.454999923706,-84
125.65499997139,-84
125.853999853134,-84
126.057999849319,-84
126.256999969482,-84
126.456999778748,-84
126.657999753952,-79
126.857999801636,-79
127.056999921799,-79
127.256999969482,-79
127.456999778748,-79
127.656999826431,-79
127.856999874115,-80
128.05899977684,-80
128.258999824524,-80
128.458999872208,-80
128.656999826431,-80
128.857999801636,-80
129.057999849319,-84
129.258999824524,-84
129.458999872208,-84
129.661000013351,-84
129.860999822617,-84
130.0609998703,-84
130.260999917984,-84
130.469999790192,-84
130.666999816895,-84
130.868000030518,-84
131.066999673843,-84
131.266999721527,-84
131.466999769211,-80
131.666999816895,-80
131.865999937057,-80
132.066999673843,-80
132.267999887466,-80
132.46799993515,-80
132.668999910355,-80
132.868999958038,-80
133.069000005722,-80
133.268999814987,-80
133.468999862671,-80
133.668999910355,-80
133.868000030518,-84
134.068000078201,-84
134.267999887466,-84
134.471999883652,-84
134.668999910355,-84
134.868999958038,-84
135.069000005722,-79
135.268999814987,-79
135.473999738693,-79
135.669999837875,-79
135.868999958038,-79
136.071000099182,-79
136.270999908447,-79
136.470999956131,-79
136.671000003815,-79
136.871999979019,-79
137.069999933243,-79
137.269999742508,-79
137.469999790192,-84
137.669999837875,-84
137.871000051498,-84
138.071000099182,-84
138.273999929428,-84
138.471999883652,-84
138.675999879837,-84
138.873999834061,-84
139.073999881744,-84
139.273999929428,-84
139.476000070572,-84
139.673999786377,-84
139.873999834061,-80
140.074999809265,-80
140.274999856949,-80
140.49799990654,-80
140.689999818802,-80
140.889999866486,-80
141.09099984169,-84
141.290999650955,-84
141.490999698639,-84
141.690999746323,-84
141.891999959946,-84
142.089999914169,-84
142.289999723434,-80
142.490999698639,-80
142.690999746323,-80
142.891999959946,-80
143.092000007629,-80
143.293999910355,-80
143.49399971962,-80
143.693999767303,-80
143.893999814987,-80
144.097999811172,-80
144.296999931335,-80
144.49799990654,-80
144.697999715805,-80
144.89899969101,-80
145.108999967575,-80
145.299999952316,-80
145.5,-80
145.700000047684,-80
145.899999856949,-80
146.108000040054,-78
146.307999849319,-78
146.506999731064,-78
146.706999778748,-78
146.906999826431,-78
147.106999874115,-78
147.30699968338,-84
147.507999897003,-84
147.708999872208,-84
147.909999847412,-84
148.109999895096,-84
148.30999994278,-84
148.537999868393,-78
148.71799993515,-78
148.917999744415,-78
149.139999866486,-78
149.335999965668,-78
149.537999868393,-78
149.737999916077,-79
149.940999984741,-79
150.139999866486,-79
150.34299993515,-79
150.542999982834,-79
150.741999864578,-79
150.943000078201,-84
151.154999732971,-84
151.348000049591,-84
151.548999786377,-84
151.74799990654,-84
151.947999954224,-84
152.148999929428,-80
152.348000049591,-80
152.547999858856,-80
152.751999855042,-80
152.949999809265,-80
153.15399980545,-80
153.349999904633,-80
153.549999713898,-80
153.749999761581,-80
153.949999809265,-80
154.149999856949,-80
154.351000070572,-80
154.551000118256,-78
154.749999761581,-78
154.949999809265,-78
155.151000022888,-78
155.351000070572,-78
155.551000118256,-78
155.749999761581,-78
155.952999830246,-78
156.151999950409,-78
156.351999998093,-78
156.552000045776,-78
156.751999855042,-78
156.951999902725,-79
157.151999950409,-79
157.354999780655,-79
157.554999828339,-79
157.754999876022,-79
157.955999851227,-79
158.155999898911,-78
158.365999937057,-78
158.55999994278,-78
158.759999990463,-78
158.960000038147,-78
159.161000013351,-78
159.359999895096,-83
159.5609998703,-83
159.760999917984,-83
159.961999893188,-83
160.162999868393,-83
160.361999750137,-83
160.565999746323,-84
160.761999845505,-84
160.963999986649,-84
161.161999940872,-84
161.360999822617,-84
161.561999797821,-84
161.761999845505,-79
161.960999965668,-79
162.161999940872,-79
162.361999750137,-79
162.564999818802,-79
162.765999794006,-79
162.963999986649,-85
163.164999961853,-85
163.365000009537,-85
163.564999818802,-85
163.764999866486,-85
163.964999914169,-85
164.167000055313,-85
164.367000102997,-80
164.566999912262,-80
164.766999959946,-80
164.967000007629,-80
165.168999910355,-80
165.371999979019,-80
165.575999975204,-84
165.772000074387,-84
165.970999717712,-84
166.170999765396,-84
166.37099981308,-84
166.572000026703,-84
166.776000022888,-84
166.975000143051,-84
167.170999765396,-84
167.37099981308,-84
167.576999902725,-84
167.772000074387,-84
167.973999738693,-80
168.171999931335,-80
168.371999979019,-80
168.572999954224,-80
168.773000001907,-80
168.977999925613,-80
169.173999786377,-79
169.375,-79
169.576999902725,-79
169.776999950409,-79
169.976999998093,-79
170.175999879837,-79
170.375999927521,-84
170.591000080109,-84
170.787999868393,-84
170.989999771118,-84
171.188999891281,-84
171.388999938965,-84
171.589999914169,-84
171.789999723434,-84
171.989999771118,-84
172.209999799728,-84
172.40700006485,-84
172.605999946594,-84
172.805999755859,-80
173.005999803543,-80
173.207999944687,-80
173.408999919891,-80
173.605999946594,-80
173.806999921799,-80
174.005999803543,-79
174.207000017166,-79
174.407999992371,-79
174.608999967575,-79
174.80999994278,-79
175.009999752045,-79
175.210999727249,-84
175.410999774933,-84
175.610999822617,-84
175.8109998703,-84
176.010999679565,-84
176.210999727249,-84
176.410999774933,-80
176.610999822617,-80
176.8109998703,-80
177.013000011444,-80
177.210999727249,-80
177.410999774933,-80
177.611999988556,-79
177.81200003624,-79
178.011999845505,-79
178.214999914169,-79
178.412999868393,-79
178.611999988556,-79
178.81200003624,-79
179.011999845505,-79
179.21399974823,-79
179.414999961853,-79
179.615999937057,-79
179.813999891281,-79
180.013999938965,-84
180.21399974823,-84
180.413999795914,-84
180.615000009537,-84
180.816999912262,-84
181.017999887466,-84
181.21799993515,-84
181.417999744415,-79
181.616999864578,-79
181.816999912262,-79
182.017999887466,-79
182.21799993515,-79
182.421000003815,-79
182.619999885559,-85
182.819999933243,-85
183.019999980927,-85
183.22000002861,-85
183.420000076294,-85
183.619999885559,-85
183.819999933243,-78
184.02799987793,-78
184.218999862671,-78
184.418999671936,-78
184.619999885559,-78
184.820999860764,-78
185.018999814987,-84
185.22000002861,-84
185.420000076294,-84
185.619999885559,-84
185.819999933243,-84
186.019999980927,-84
186.22000002861,-85
186.420000076294,-85
186.62099981308,-85
186.819999933243,-85
187.019999980927,-85
187.225999832153,-85
187.425999879837,-78
187.625999927521,-78
187.825999736786,-78
188.02599978447,-78
188.226999759674,-78
188.425999879837,-78
188.625999927521,-78
188.826999664307,-78
189.02699971199,-78
189.226999759674,-78
189.426999807358,-78
189.626999855042,-78
189.828000068665,-80
190.02699971199,-80
190.229999780655,-80
190.426999807358,-80
190.628000020981,-80
190.828000068665,-80
191.02899980545,-79
191.227999925613,-79
191.427999973297,-79
191.628999948502,-79
191.828000068665,-79
192.02899980545,-79
192.228999853134,-80
192.428999900818,-80
192.628999948502,-80
192.828999996185,-80
193.029999732971,-80
193.237999916077,-80
193.434999704361,-84
193.661000013351,-84
193.835999965668,-84
194.036999940872,-84
194.236000061035,-84
194.4359998703,-84
194.634999752045,-80
194.834999799728,-80
195.036000013351,-80
195.236000061035,-80
195.4390001297,-80
195.635999917984,-80
195.835999965668,-79
196.036000013351,-79
196.237999916077,-79
196.437999725342,-79
196.638999938965,-79
196.841999769211,-79
197.039999961853,-84
197.240000009537,-84
197.440999984741,-84
197.640999794006,-84
197.84099984169,-84
198.041999816895,-84
198.246999979019,-84
198.444000005722,-78
198.644000053406,-78
198.844999790192,-78
199.044999837875,-78
199.244999885559,-78
199.444999933243,-78
199.644999980927,-80
199.844999790192,-80
200.047999858856,-80
200.244999885559,-80
200.444999933243,-80
200.645999908447,-80
200.845999717712,-84
201.053999900818,-84
201.250999689102,-84
201.449999809265,-84
201.65499997139,-84
201.850999832153,-84
202.050999879837,-79
202.253999948502,-79
202.453999757767,-79
202.65399980545,-79
202.853999853134,-79
203.056999921799,-79
203.255000114441,-80
203.454999923706,-80
203.657999753952,-80
203.858999729156,-80
204.055999994278,-80
204.256000041962,-80
204.455999851227,-79
204.665999889374,-79
204.861999750137,-79
205.0609998703,-79
205.260999917984,-79
205.460999965668,-79
205.659999847412,-85
205.860999822617,-85
206.061999797821,-85
206.263000011444,-85
206.463000059128,-85
206.661999940872,-85
206.861999750137,-79
207.061999797821,-79
207.263000011444,-79
207.461999893188,-79
207.661999940872,-79
207.862999916077,-79
208.06299996376,-79
208.261999845505,-79
208.469999790192,-79
208.664999961853,-79
208.865000009537,-79
209.064999818802,-79
209.264999866486,-84
209.46599984169,-84
209.665999889374,-84
209.866999864578,-84
210.068000078201,-84
210.265999794006,-84
210.46599984169,-80
210.666999816895,-80
210.866999864578,-80
211.068000078201,-80
211.266999721527,-80
211.46799993515,-80
211.671000003815,-80
211.868999958038,-84
212.069000005722,-84
212.269999742508,-84
212.470999956131,-84
212.671999931335,-84
212.871999979019,-84
213.072000026703,-79
213.273999929428,-79
213.476999998093,-79
213.68499994278,-79
213.885999917984,-79
214.085999727249,-79
214.285999774933,-84
214.486999988556,-84
214.6859998703,-84
214.885999917984,-84
215.087000131607,-84
215.285999774933,-84
215.486999988556,-83
215.68700003624,-83
215.887000083923,-83
216.087000131607,-83
216.286999940872,-83
216.486999988556,-83
216.68700003624,-79
216.888000011444,-79
217.093999862671,-79
217.290999650955,-79
217.489999771118,-79
217.690999746323,-79
217.890999794006,-78
218.09099984169,-78
218.290999650955,-78
218.490999698639,-78
218.698999881744,-78
218.896999835968,-78
219.096999883652,-79
219.300999879837,-79
219.501999855042,-79
219.697999715805,-79
219.899999856949,-79
220.098999738693,-79
220.297999858856,-79
220.49799990654,-79
220.698999881744,-79
220.899999856949,-79
221.099999904633,-79
221.299999952316,-79
221.5,-79
221.700000047684,-79
221.899999856949,-79
222.100999832153,-79
222.299999952316,-79
222.5,-79
222.701999902725,-78
222.899999856949,-78
223.100999832153,-78
223.303999900818,-78
223.500999927521,-78
223.700999975204,-78
223.903000116348,-78
224.101999759674,-78
224.301999807358,-78
224.501999855042,-78
224.701999902725,-78
224.901999950409,-78
225.104999780655,-84
225.302999973297,-84
225.513000011444,-84
225.706999778748,-84
225.906999826431,-84
226.106999874115,-84
226.30699968338,-79
226.514999866486,-79
226.709999799728,-79
226.911000013351,-79
227.111999988556,-79
227.311000108719,-79
227.514999866486,-78
227.710999965668,-78
227.911000013351,-78
228.111000061035,-78
228.311000108719,-78
228.510999917984,-78
228.710999965668,-79
228.909999847412,-79
229.109999895096,-79
229.311000108719,-79
229.510999917984,-79
229.710999965668,-79
229.911000013351,-84
230.111000061035,-84
230.31200003624,-84
230.514999866486,-84
230.711999893188,-84
230.913999795914,-84
231.112999916077,-78
231.31200003624,-78
231.513000011444,-78
231.71799993515,-78
231.916999816895,-78
232.115999937057,-78
232.313999891281,-83
232.52599978447,-83
232.719000101089,-83
232.918999910355,-83
233.117999792099,-83
233.319000005722,-83
233.517999887466,-83
233.719000101089,-84
233.918999910355,-84
234.117999792099,-84
234.319000005722,-84
234.519999980927,-84
234.719000101089,-84
234.918999910355,-79
235.118999958038,-79
235.319999933243,-79
235.519000053406,-79
235.719000101089,-79
235.918999910355,-79
236.118999958038,-84
236.319000005722,-84
236.519999980927,-84
236.719000101089,-84
236.920000076294,-84
237.119999885559,-84
237.319999933243,-84
237.519999980927,-84
237.72000002861,-84
237.920000076294,-84
238.119999885559,-84
238.319999933243,-84
238.519999980927,-84
238.726999998093,-84
238.922999858856,-84
239.12700009346,-84
239.325999736786,-84
239.52599978447,-84
239.726999998093,-79
239.925999879837,-79
240.125,-79
240.324999809265,-79
240.524999856949,-79
240.726999998093,-79
240.925999879837,-80
241.125999927521,-80
241.325999736786,-80
241.52599978447,-80
241.725999832153,-80
241.925999879837,-80
242.125999927521,-84
242.327000141144,-84
242.52799987793,-84
242.728999853134,-84
242.929999828339,-84
243.132999897003,-84
243.328999996185,-80
243.52899980545,-80
243.736999988556,-80
243.938999652863,-80
244.137999773026,-80
244.33899974823,-80
244.537999868393,-79
244.737999916077,-79
244.937999725342,-79
245.148999929428,-79
245.341999769211,-79
245.544999837875,-79
245.741999864578,-83
245.944000005722,-83
246.141999721527,-83
246.34099984169,-83
246.541999816895,-83
246.741999864578,-83
246.944999933243,-83
247.144999980927,-78
247.34299993515,-78
247.543999910355,-78
247.743999958038,-78
247.944000005722,-78
248.146999835968,-78
248.345999717712,-84
248.546999692917,-84
248.74799990654,-84
248.948999881744,-84
249.148999929428,-84
249.348999977112,-84
249.548999786377,-84
249.748999834061,-84
249.96599984169,-84
250.148999929428,-84
250.348999977112,-84
250.548999786377,-84
250.749999761581,-78
250.949999809265,-78
251.151000022888,-78
251.351000070572,-78
251.551000118256,-78
251.750999927521,-78
251.949999809265,-78
252.151000022888,-78
252.351000070572,-78
252.552999973297,-78
252.749999761581,-78
252.949999809265,-78
253.149999856949,-83
253.349999904633,-83
253.549999713898,-83
253.749999761581,-83
253.949999809265,-83
254.151999950409,-83
254.352999925613,-78
254.549999713898,-78
254.749999761581,-78
254.949999809265,-78
255.149999856949,-78
255.349999904633,-78
255.549999713898,-78
255.749999761581,-78
255.949999809265,-78
256.149999856949,-78
256.351000070572,-78
256.552000045776,-78
256.759000062943,-79
256.953999757767,-79
257.181999921799,-79
257.375,-79
257.575000047684,-79
257.775000095367,-79
257.976999998093,-78
258.181999921799,-78
258.379999876022,-78
258.577999830246,-78
258.783999919891,-78
258.978999853134,-78
259.186999797821,-78
259.380999803543,-78
259.582999944687,-78
259.780999898911,-78
259.981999874115,-78
260.180999994278,-78
260.384000062943,-79
260.579999923706,-79
260.783999919891,-79
260.980999946594,-79
261.184000015259,-79
261.380999803543,-79
261.580999851227,-83
261.780999898911,-83
261.981999874115,-83
262.181999921799,-83
262.381999731064,-83
262.583999872208,-83
262.781999826431,-79
262.986999750137,-79
263.18799996376,-79
263.386999845505,-79
263.588999986649,-79
263.788999795914,-79
263.986999750137,-79
264.186999797821,-84
264.386999845505,-84
264.594999790192,-84
264.793999910355,-84
264.991999864578,-84
265.191999912262,-84
265.393999814987,-84
265.598999977112,-84
265.796000003815,-84
265.996000051498,-84
266.195999860764,-84
266.395999908447,-84
266.599999904633,-84
266.796000003815,-84
266.996000051498,-84
267.195999860764,-84
267.396999835968,-84
267.595999956131,-84
267.799999952316,-80
268.008999824524,-80
268.200999975204,-80
268.40099978447,-80
268.601999759674,-80
268.801999807358,-80
269.001999855042,-79
269.203999996185,-79
269.40700006485,-79
269.607000112534,-79
269.806999921799,-79
270.006999969482,-79
270.207000017166,-78
270.40700006485,-78
270.607000112534,-78
270.806999921799,-78
271.006999969482,-78
271.209999799728,-78
271.407999992371,-78
271.608000040054,-78
271.807999849319,-78
272.007999897003,-78
272.207999944687,-78
272.440999984741,-78
272.608000040054,-78
272.809000015259,-78
273.011999845505,-78
273.210999727249,-78
273.410999774933,-78
273.610999822617,-78
273.80999994278,-79
274.009999752045,-79
274.209999799728,-79
274.410999774933,-79
274.610999822617,-79
274.80999994278,-79
275.009999752045,-84
275.209999799728,-84
275.409999847412,-84
275.609999895096,-84
275.80999994278,-84
276.013999938965,-84
276.21399974823,-79
276.413999795914,-79
276.613999843597,-79
276.81500005722,-79
277.015000104904,-79
277.214999914169,-79
277.414999961853,-84
277.615999937057,-84
277.816999912262,-84
278.021999835968,-84
278.218999862671,-84
278.418999671936,-84
278.61899971962,-78
278.818999767303,-78
279.018999814987,-78
279.218999862671,-78
279.424999952316,-78
279.62299990654,-78
279.821999788284,-80
280.02599978447,-80
280.221999883652,-80
280.423000097275,-80
280.626999855042,-80
280.822999954224,-80
281.02599978447,-80
281.224999904633,-78
281.424999952316,-78
281.625999927521,-78
281.823999881744,-78
282.02599978447,-78
282.224999904633,-78
282.424999952316,-80
282.625,-80
282.824999809265,-80
283.02899980545,-80
283.228999853134,-80
283.428999900818,-80
283.629999876022,-78
283.829999923706,-78
284.029999732971,-78
284.230999946594,-78
284.430999994278,-78
284.631000041962,-78
284.831000089645,-78
285.031000137329,-78
285.232999801636,-78
285.430999994278,-78
285.631000041962,-78
285.831000089645,-78
286.031000137329,-84
286.233999729156,-84
286.431999921799,-84
286.633999824524,-84
286.832000017166,-84
287.03200006485,-84
287.231999874115,-78
287.430999994278,-78
287.631000041962,-78
287.831000089645,-78
288.03200006485,-78
288.236000061035,-78
288.430999994278,-84
288.631999969482,-84
288.832000017166,-84
289.036000013351,-84
289.231999874115,-84
289.436999797821,-84
289.634999752045,-84
289.834999799728,-84
290.034999847412,-84
290.234999656677,-84
290.434999704361,-84
290.634999752045,-84
290.834999799728,-84
291.039000034332,-84
291.239000082016,-84
291.436999797821,-84
291.636999845505,-84
291.836999893188,-84
292.039000034332,-79
292.237999916077,-79
292.437999725342,-79
292.638999938965,-79
292.838999986649,-79
293.040999889374,-79
293.239000082016,-78
293.4390001297,-78
293.638999938965,-78
293.838999986649,-78
294.039000034332,-78
294.239000082016,-78
294.4390001297,-79
294.638999938965,-79
294.838999986649,-79
295.039000034332,-79
295.239000082016,-79
295.4390001297,-79
295.639999866486,-78
295.839999914169,-78
296.039000034332,-78
296.239000082016,-78
296.444999933243,-78
296.639999866486,-78
296.848000049591,-78
297.043999910355,-78
297.243999958038,-78
297.444999933243,-78
297.644999980927,-78
297.844999790192,-78
298.044999837875,-78
298.24799990654,-84
298.445999860764,-84
298.649999856949,-84
298.848999977112,-84
299.048999786377,-84
299.248999834061,-84
299.448999881744,-83
299.664999961853,-83
299.849999904633,-83
300.049999713898,-83
300.250999689102,-83
300.450999736786,-83
300.651999950409,-79
300.853999853134,-79
301.052000045776,-79
301.259999990463,-79
301.452999830246,-79
301.65299987793,-79
301.851999998093,-79
302.052000045776,-79
302.251999855042,-79
302.451999902725,-79
302.65499997139,-79
302.852999925613,-79
303.055999994278,-79
303.256000041962,-79
303.455999851227,-79
303.657999753952,-79
303.856999874115,-79
304.056999921799,-79
304.256999969482,-84
304.456999778748,-84
304.658999681473,-84
304.857999801636,-84
305.057999849319,-84
305.257999897003,-84
305.457999944687,-78
305.657999753952,-78
305.858999729156,-78
306.057999849319,-78
306.257999897003,-78
306.457999944687,-78
306.656999826431,-84
306.856999874115,-84
307.057999849319,-84
307.259999990463,-84
307.460000038147,-84
307.661000013351,-84
307.858999729156,-78
308.05999994278,-78
308.263999938965,-78
308.461999893188,-78
308.663000106812,-78
308.865999937057,-78
309.063999891281,-77
309.263999938965,-77
309.464999914169,-77
309.665999889374,-77
309.868000030518,-77
310.068000078201,-77
310.267999887466,-78
310.46799993515,-78
310.671999931335,-78
310.87299990654,-78
311.077999830246,-78
311.273000001907,-78
311.476000070572,-79
311.672999858856,-79
311.871999979019,-79
312.075999975204,-79
312.273000001907,-79
312.476999998093,-79
312.674999713898,-79
312.875999927521,-79
313.076999902725,-79
313.276999950409,-79
313.476999998093,-79
313.676999807358,-79
313.877999782562,-79
314.09099984169,-79
314.284999847412,-79
314.485999822617,-79
314.68499994278,-79
314.889999866486,-79
315.087000131607,-79
315.289999723434,-78
315.487999916077,-78
315.688999891281,-78
315.887000083923,-78
316.087000131607,-78
316.287999868393,-78
316.486999988556,-79
316.68799996376,-79
316.888999938965,-79
317.09099984169,-79
317.288999795914,-79
317.489999771118,-79
317.689999818802,-84
317.892999887466,-84
318.088999986649,-84
318.296999931335,-84
318.503999948502,-84
318.710999965668,-84
318.909999847412,-79
319.111999988556,-79
319.314999818802,-79
319.514999866486,-79
319.714999675751,-79
319.914999723434,-79
320.114999771118,-84
320.319000005722,-84
320.514999866486,-84
320.716000080109,-84
320.915999889374,-84
321.115999937057,-84
321.315999984741,-78
321.516000032425,-78
321.717000007629,-78
321.916999816895,-78
322.117999792099,-78
322.317999839783,-78
322.517999887466,-78
322.719000101089,-78
322.918999910355,-78
323.119999885559,-78
323.317999839783,-78
323.517999887466,-78
323.71799993515,-78
323.917999744415,-78
324.118999958038,-78
324.319999933243,-78
324.519999980927,-78
324.719000101089,-78
324.918999910355,-80
325.118999958038,-80
325.319000005722,-80
325.519000053406,-80
325.72000002861,-80
325.920000076294,-80
326.119999885559,-79
326.319999933243,-79
326.52599978447,-79
326.727999925613,-79
326.927999973297,-79
327.129999876022,-79
327.328999996185,-79
327.526999950409,-79
327.728999853134,-79
327.930999755859,-79
328.129999876022,-79
328.332000017166,-79
328.53200006485,-79
328.730999708176,-79
328.930999755859,-79
329.132999897003,-79
329.332000017166,-79
329.530999660492,-79
329.730999708176,-79
329.940999984741,-79
330.134999990463,-79
330.336999893188,-79
330.536000013351,-79
330.735000133514,-79
330.93499994278,-79
331.134999990463,-79
331.335000038147,-79
331.537999868393,-79
331.736000061035,-79
331.93499994278,-79
332.134999990463,-79
332.335999965668,-78
332.537999868393,-78
332.737999916077,-78
332.937999725342,-78
333.137999773026,-78
333.343999862671,-78
333.542999982834,-78
333.743000030518,-78
333.941999912262,-78
334.141999721527,-78
334.343999862671,-78
334.544999837875,-78
334.743999958038,-79
334.944000005722,-79
335.144999980927,-79
335.346999883652,-79
335.549999713898,-79
335.74799990654,-79
335.947999954224,-78
336.148999929428,-78
336.349999904633,-78
336.553999900818,-78
336.751999855042,-78
336.951999902725,-78
337.15399980545,-83
337.357999801636,-83
337.553999900818,-83
337.753999948502,-83
337.959000110626,-83
338.154999732971,-83
338.354999780655,-78
338.554999828339,-78
338.756000041962,-78
338.955999851227,-78
339.156999826431,-78
339.357999801636,-78
339.559000015259,-78
339.759999990463,-78
339.960000038147,-78
340.161000013351,-78
340.363999843597,-78
340.561999797821,-78
340.761999845505,-79
340.961999893188,-79
341.161999940872,-79
341.363999843597,-79
341.564999818802,-79
341.765999794006,-79
341.963999986649,-79
342.169999837875,-79
342.367000102997,-79
342.568000078201,-79
342.765999794006,-79
342.967000007629,-79
343.171999931335,-83
343.371999979019,-83
343.572000026703,-83
343.775000095367,-83
343.971999883652,-83
344.172999858856,-83
344.373999834061,-78
344.572999954224,-78
344.772000074387,-78
344.972999811172,-78
345.171999931335,-78
345.375999927521,-78
345.573999881744,-78
345.772000074387,-78
345.973999738693,-78
346.195999860764,-78
346.385999917984,-78
346.58699965477,-78
346.785999774933,-84
346.984999895096,-84
347.18499994278,-84
347.384999990463,-84
347.585999727249,-84
347.785999774933,-84
347.986999750137,-84
348.186999797821,-78
348.386999845505,-78
348.591000080109,-78
348.791000127792,-78
348.994999885559,-78
349.192999839783,-78
349.395999908447,-84
349.593999862671,-84
349.793999910355,-84
349.994999885559,-84
350.197999715805,-84
350.395999908447,-84
350.595999956131,-79
350.825999736786,-79
350.996000051498,-79
351.197999715805,-79
351.396999835968,-79
351.596999883652,-79
351.797999858856,-79
352.009999752045,-79
352.202999830246,-79
352.404000043869,-79
352.603999853134,-79
352.803999900818,-79
353.004999876022,-79
353.205999851227,-79
353.40700006485,-79
353.608999967575,-79
353.80999994278,-79
354.010999679565,-79
354.211999893188,-84
354.411999940872,-84
354.611999988556,-84
354.813999891281,-84
355.015000104904,-84
355.21399974823,-84
355.413999795914,-84
355.615000009537,-84
355.815999984741,-84
356.016000032425,-84
356.21799993515,-84
356.417999744415,-84
356.616999864578,-79
356.816999912262,-79
357.016999959946,-79
357.217000007629,-79
357.417999744415,-79
357.617999792099,-79
357.816999912262,-78
358.017999887466,-78
358.218999862671,-78
358.420000076294,-78
358.62299990654,-78
358.821999788284,-78
359.021999835968,-79
359.221999883652,-79
359.421999931335,-79
359.62299990654,-79
359.822999954224,-79
360.024999856949,-79
360.226999759674,-78
360.426999807358,-78
360.625999927521,-78
360.825999736786,-78
361.02599978447,-78
361.226999759674,-78
361.426999807358,-78
361.628000020981,-78
361.828999996185,-78
362.034999847412,-78
362.230999946594,-78
362.430999994278,-78
362.631000041962,-84
362.831000089645,-84
363.034999847412,-84
363.231999874115,-84
363.431999921799,-84
363.633999824524,-84
363.834999799728,-84
364.03200006485,-84
364.230999946594,-84
364.431999921799,-84
364.632999897003,-84
364.833999872208,-84
365.033999919891,-84
365.236999988556,-78
365.434999704361,-78
365.636999845505,-78
365.836999893188,-78
366.036999940872,-78
366.236000061035,-78
366.4359998703,-84
366.639999866486,-84
366.838999986649,-84
367.037999868393,-84
367.246999979019,-84
367.447000026703,-84
367.649999856949,-79
367.863999843597,-79
368.056999921799,-79
368.256999969482,-79
368.456999778748,-79
368.656999826431,-79
368.856999874115,-84
369.056999921799,-84
369.256999969482,-84
369.456999778748,-84
369.656999826431,-84
369.856999874115,-84
370.056999921799,-84
370.256000041962,-84
370.455999851227,-84
370.655999898911,-84
370.865999937057,-84
371.065999746323,-84
371.264999866486,-84
371.464999914169,-84
371.665999889374,-84
371.865999937057,-84
372.068000078201,-84
372.268999814987,-84
372.46799993515,-78
372.669999837875,-78
372.912999868393,-78
373.112999916077,-78
373.31299996376,-78
373.511999845505,-78
373.711999893188,-84
373.911999940872,-84
374.112999916077,-84
374.317999839783,-84
374.513999938965,-84
374.71399974823,-84
374.914999723434,-84
375.115999937057,-84
375.317999839783,-84
375.517999887466,-84
375.72000002861,-84
375.918999910355,-84
376.119999885559,-78
376.321999788284,-78
376.524999856949,-78
376.722999811172,-78
376.922999858856,-78
377.124000072479,-78
377.323999881744,-79
377.523999929428,-79
377.723999977112,-79
377.924000024796,-79
378.124000072479,-79
378.323999881744,-79
378.523999929428,-79
378.723999977112,-79
378.924999952316,-79
379.124000072479,-79
379.323999881744,-79
379.523999929428,-79
379.723999977112,-84
379.929999828339,-84
380.125999927521,-84
380.325999736786,-84
380.526999950409,-84
380.726999998093,-84
380.927000045776,-79
381.12700009346,-79
381.327000141144,-79
381.52799987793,-79
381.727999925613,-79
381.927000045776,-79
382.12700009346,-79
382.325999736786,-79
382.52599978447,-79
382.725999832153,-79
382.925999879837,-79
383.128000020981,-79
383.325999736786,-79
383.52599978447,-78
383.725999832153,-78
383.925999879837,-78
384.12700009346,-78
384.325999736786,-78
384.52799987793,-78
384.727999925613,-84
384.927999973297,-84
385.129999876022,-84
385.328000068665,-84
385.52799987793,-84
385.727999925613,-84
385.927999973297,-84
386.128000020981,-84
386.328000068665,-84
386.52799987793,-84
386.727999925613,-84
386.927999973297,-84
387.128000020981,-80
387.328000068665,-80
387.52799987793,-80
387.731999874115,-80
387.928999900818,-80
388.129999876022,-80
388.34299993515,-84
388.532999992371,-84
388.733999729156,-84
388.932999849319,-84
389.136999845505,-84
389.335999965668,-84
389.535000085831,-80
389.736000061035,-80
389.9359998703,-80
390.135999917984,-80
390.335999965668,-80
390.536000013351,-80
390.736000061035,-85
390.94000005722,-85
391.136999845505,-85
391.336999893188,-85
391.536999940872,-85
391.737999916077,-85
391.938999652863,-85
392.157999753952,-85
392.355999946594,-85
392.553999900818,-85
392.756000041962,-85
392.954999685287,-85
393.154999732971,-80
393.365000009537,-80
393.559000015259,-80
393.760999917984,-80
393.959000110626,-80
394.161999940872,-80
394.360999822617,-84
394.5609998703,-84
394.760999917984,-84
394.960000038147,-84
395.159999847412,-84
395.361999750137,-84
395.5609998703,-78
395.761999845505,-78
395.963999986649,-78
396.164999961853,-78
396.365999937057,-78
396.565999746323,-78
396.763999938965,-79
396.963999986649,-79
397.164000034332,-79
397.365000009537,-79
397.563999891281,-79
397.763999938965,-79
397.963999986649,-83
398.164000034332,-83
398.363999843597,-83
398.563999891281,-83
398.763999938965,-83
398.967000007629,-83
399.164999961853,-79
399.365000009537,-79
399.564999818802,-79
399.764999866486,-79
399.964999914169,-79
400.164999961853,-79
400.365000009537,-80
400.565999746323,-80
400.765999794006,-80
400.96599984169,-80
401.165999889374,-80
401.365999937057,-80
401.565999746323,-80
401.765999794006,-79
401.96599984169,-79
402.167000055313,-79
402.367000102997,-79
402.568000078201,-79
402.767999887466,-79
402.968999862671,-80
403.168999910355,-80
403.368999958038,-80
403.569999933243,-80
403.772000074387,-80
403.970999717712,-80
404.170999765396,-79
404.369999885559,-79
404.569999933243,-79
404.772000074387,-79
404.969999790192,-79
405.170999765396,-79
405.37099981308,-79
405.569999933243,-79
405.770999670029,-79
405.970999717712,-79
406.170999765396,-79
406.37099981308,-79
406.573999881744,-78
406.770999670029,-78
406.970999717712,-78
407.170999765396,-78
407.37099981308,-78
407.570999860764,-78
407.770999670029,-83
407.970999717712,-83
408.180000066757,-83
408.377999782562,-83
408.578999757767,-83
408.780999898911,-83
408.983000040054,-78
409.180000066757,-78
409.379999876022,-78
409.579999923706,-78
409.780999898911,-78
409.981999874115,-78
410.183000087738,-83
410.383000135422,-83
410.600999832153,-83
410.796000003815,-83
410.996000051498,-83
411.196999788284,-83
411.396999835968,-83
411.596999883652,-83
411.817999839783,-83
412.016999959946,-83
412.217000007629,-83
412.416999816895,-83
412.616999864578,-84
412.817999839783,-84
413.017999887466,-84
413.21799993515,-84
413.417999744415,-84
413.61899971962,-84
413.819999933243,-84
414.017999887466,-84
414.220999956131,-84
414.421999931335,-84
414.61899971962,-84
414.819999933243,-84
415.018999814987,-83
415.218999862671,-83
415.420000076294,-83
415.62099981308,-83
415.819999933243,-83
416.020999908447,-83
416.221999883652,-80
416.421000003815,-80
416.62299990654,-80
416.820999860764,-80
417.02699971199,-80
417.221999883652,-80
417.421999931335,-80
417.621999740601,-80
417.833999872208,-80
418.034999847412,-80
418.236999988556,-80
418.434999704361,-80
418.648999929428,-80
418.844999790192,-79
419.043999910355,-79
419.244999885559,-79
419.444000005722,-79
419.641999721527,-79
419.841999769211,-79
420.042999744415,-84
420.243999958038,-84
420.442999839783,-84
420.659999847412,-84
420.855999946594,-84
421.055999994278,-84
421.256000041962,-84
421.458999872208,-84
421.658999681473,-84
421.856999874115,-84
422.056999921799,-84
422.256999969482,-84
422.456999778748,-79
422.656999826431,-79
422.857999801636,-79
423.057999849319,-79
423.258999824524,-79
423.457999944687,-79
423.657999753952,-78
423.857999801636,-78
424.057999849319,-78
424.257999897003,-78
424.457999944687,-78
424.657999753952,-78
424.857999801636,-83
425.057999849319,-83
425.257999897003,-83
425.458999872208,-83
425.656999826431,-83
425.856999874115,-83
426.056999921799,-84
426.257999897003,-84
426.457999944687,-84
426.657999753952,-84
426.857999801636,-84
427.057999849319,-84
427.257999897003,-84
427.468999862671,-84
427.661999940872,-84
427.860999822617,-84
428.0609998703,-84
428.260999917984,-84
428.460999965668,-83
428.661000013351,-83
428.860999822617,-83
429.0609998703,-83
429.260999917984,-83
429.461999893188,-83
429.661999940872,-79
429.861999750137,-79
430.061999797821,-79
430.263999938965,-79
430.46599984169,-79
430.664999961853,-79
430.865000009537,-79
431.065999746323,-79
431.270999908447,-79
431.470999956131,-79
431.666999816895,-79
431.866999864578,-79
432.066999673843,-79
432.266999721527,-80
432.466999769211,-80
432.666999816895,-80
432.868000030518,-80
433.069000005722,-80
433.267999887466,-80
433.46799993515,-79
433.667999982834,-79
433.868000030518,-79
434.069999933243,-79
434.267999887466,-79
434.469999790192,-79
434.667999982834,-79
434.868000030518,-79
435.068000078201,-79
435.267999887466,-79
435.46799993515,-79
435.668999910355,-79
435.868999958038,-84
436.071000099182,-84
436.272000074387,-84
436.468999862671,-84
436.668999910355,-84
436.869999885559,-84
437.073999881744,-84
437.270999908447,-84
437.49399971962,-84
437.671999931335,-84
437.871999979019,-84
438.077999830246,-84
438.27799987793,-84
438.479000091553,-84
438.677999734879,-84
438.877999782562,-84
439.079999923706,-84
439.279000043869,-84
439.479000091553,-84
439.677999734879,-84
439.879999876022,-84
440.079999923706,-84
440.279000043869,-84
440.480000019073,-84
440.679000139236,-79
440.878999948502,-79
441.080999851227,-79
441.280999898911,-79
441.480999946594,-79
441.680999994278,-79
441.880999803543,-79
442.080999851227,-79
442.281999826431,-79
442.480000019073,-79
442.680000066757,-79
442.879999876022,-79
443.09099984169,-79
443.292000055313,-80
443.491999864578,-80
443.692999839783,-80
443.901999950409,-80
444.101999759674,-80
444.305999755859,-80
444.505999803543,-84
444.705999851227,-84
444.907999992371,-84
445.108000040054,-84
445.307999849319,-84
445.507999897003,-84
445.707999944687,-79
445.907999992371,-79
446.108999967575,-79
446.30999994278,-79
446.510999917984,-79
446.710999965668,-79
446.911000013351,-84
447.114999771118,-84
447.314999818802,-84
447.514999866486,-84
447.714999675751,-84
447.916999816895,-84
448.114999771118,-82
448.314999818802,-82
448.514999866486,-82
448.714999675751,-82
448.916999816895,-82
449.117999792099,-82
449.319999933243,-78
449.522999763489,-78
449.722999811172,-78
449.920000076294,-78
450.119999885559,-78
450.320999860764,-78
450.519999980927,-80
450.72000002861,-80
450.920000076294,-80
451.119999885559,-80
451.319999933243,-80
451.519999980927,-80
451.72000002861,-78
451.920000076294,-78
452.119999885559,-78
452.319999933243,-78
452.521999835968,-78
452.720999956131,-78
452.921000003815,-79
453.12099981308,-79
453.320999860764,-79
453.520999908447,-79
453.720999956131,-79
453.921000003815,-79
454.122999668121,-79
454.320999860764,-80
454.520999908447,-80
454.720999956131,-80
454.921000003815,-80
455.12099981308,-80
455.321999788284,-80
455.521999835968,-84
455.721999883652,-84
455.929999828339,-84
456.129999876022,-84
456.327000141144,-84
456.526999950409,-84
456.726999998093,-79
456.930999755859,-79
457.130999803543,-79
457.333999872208,-79
457.530999660492,-79
457.730999708176,-79
457.930999755859,-80
458.130999803543,-80
458.329999923706,-80
458.529999732971,-80
458.730999708176,-80
458.930999755859,-80
459.130999803543,-79
459.33899974823,-79
459.535000085831,-79
459.736000061035,-79
459.9359998703,-79
460.135999917984,-79
460.337999820709,-83
460.536000013351,-83
460.736000061035,-83
460.960999965668,-83
461.151999950409,-83
461.351999998093,-83
461.552000045776,-80
461.751999855042,-80
461.951999902725,-80
462.162999868393,-80
462.359999895096,-80
462.557999849319,-80
462.759000062943,-79
462.957999944687,-79
463.180999994278,-79
463.358999967575,-79
463.559000015259,-79
463.759000062943,-79
463.959000110626,-84
464.157999753952,-84
464.359999895096,-84
464.55999994278,-84
464.759999990463,-84
464.960000038147,-84
465.159999847412,-84
465.359999895096,-84
465.5609998703,-84
465.760999917984,-84
465.964999914169,-84
466.161000013351,-84
466.360999822617,-79
466.5609998703,-79
466.760999917984,-79
466.960999965668,-79
467.161000013351,-79
467.360999822617,-79
467.575000047684,-79
467.765999794006,-84
467.968999862671,-84
468.165999889374,-84
468.367000102997,-84
468.566999912262,-84
468.765999794006,-84
468.96599984169,-80
469.165999889374,-80
469.365999937057,-80
469.565999746323,-80
469.765999794006,-80
469.96599984169,-80
470.165999889374,-84
470.365999937057,-84
470.566999912262,-84
470.766999959946,-84
470.967000007629,-84
471.167000055313,-84
471.367000102997,-79
471.565999746323,-79
471.765999794006,-79
471.96599984169,-79
472.165999889374,-79
472.365999937057,-79
472.569999933243,-84
472.767999887466,-84
472.969999790192,-84
473.168999910355,-84
473.368999958038,-84
473.569000005722,-84
473.768999814987,-84
473.984999895096,-84
474.169999837875,-84
474.368999958038,-84
474.569000005722,-84
474.770999670029,-84
474.969999790192,-79
475.170999765396,-79
475.371999979019,-79
475.572000026703,-79
475.773999929428,-79
475.970999717712,-79
476.170999765396,-78
476.37099981308,-78
476.572000026703,-78
476.770999670029,-78
476.971999883652,-78
477.171999931335,-78
477.37099981308,-78
477.570999860764,-78
477.773999929428,-78
477.973999738693,-78
478.176999807358,-78
478.378999710083,-78
478.575999975204,-83
478.776000022888,-83
478.976000070572,-83
479.175999879837,-83
479.380999803543,-83
479.579999923706,-83
479.77999997139,-84
479.978999853134,-84
480.180000066757,-84
480.379999876022,-84
480.582999944687,-84
480.77999997139,-84
480.980000019073,-80
481.178999662399,-80
481.380999803543,-80
481.578999757767,-80
481.77999997139,-80
481.984999895096,-80
482.193999767303,-80
482.380999803543,-79
482.580999851227,-79
482.788999795914,-79
482.984999895096,-79
483.18499994278,-79
483.384999990463,-79
483.585999727249,-80
483.784999847412,-80
483.984999895096,-80
484.1859998703,-80
484.388000011444,-80
484.585999727249,-80
484.788999795914,-80
484.987999916077,-80
485.188999891281,-80
485.386999845505,-80
485.588999986649,-80
485.787999868393,-80
485.987999916077,-80
486.18799996376,-80
486.388999938965,-80
486.588000059128,-80
486.787999868393,-80
486.987999916077,-80
487.18799996376,-78
487.388000011444,-78
487.588000059128,-78
487.787999868393,-78
487.986999750137,-78
488.186999797821,-78
488.386999845505,-79
488.58699965477,-79
488.786999702454,-79
488.986999750137,-79
489.186999797821,-79
489.389999866486,-79
489.588999986649,-79
489.787999868393,-79
489.989999771118,-79
490.189999818802,-79
490.389999866486,-79
490.589999914169,-79
490.789999723434,-78
490.989999771118,-78
491.188999891281,-78
491.388999938965,-78
491.588999986649,-78
491.788999795914,-78
491.988999843597,-78
492.188999891281,-78
492.388999938965,-78
492.588999986649,-78
492.788999795914,-78
492.988999843597,-78
493.188999891281,-78
493.392999887466,-78
493.592000007629,-78
493.792999982834,-78
493.992999792099,-78
494.200999975204,-78
494.40099978447,-78
494.600999832153,-79
494.800999879837,-79
495.000999927521,-79
495.200999975204,-79
495.40099978447,-79
495.600999832153,-79
495.800999879837,-79
496,-79
496.200000047684,-79
496.399999856949,-79
496.601999759674,-79
496.800999879837,-79
497.003999948502,-79
497.201999902725,-79
497.40299987793,-79
497.601999759674,-79
497.805999755859,-79
498.001999855042,-79
498.200999975204,-84
498.40299987793,-84
498.601999759674,-84
498.803999900818,-84
499.002999782562,-84
499.203999996185,-84
499.410999774933,-78
499.611999988556,-78
499.81200003624,-78
500.017999887466,-78
500.212999820709,-78
500.411999940872,-78
500.613999843597,-80
500.832000017166,-80
501.023000001907,-80
501.223999977112,-80
501.424999952316,-80
501.624000072479,-80
501.826999664307,-80
502.023999929428,-80
502.223999977112,-80
502.424999952316,-80
502.624000072479,-80
502.823999881744,-80
503.024999856949,-78
503.225999832153,-78
503.424999952316,-78
503.625999927521,-78
503.828000068665,-78
504.02699971199,-78
504.230999946594,-84
504.425999879837,-84
504.626999855042,-84
504.828000068665,-84
505.02699971199,-84
505.227999925613,-84
505.426999807358,-78
505.626999855042,-78
505.826999664307,-78
506.02699971199,-78
506.226999759674,-78
506.426999807358,-78
506.626999855042,-79
506.826999664307,-79
507.02699971199,-79
507.226999759674,-79
507.426999807358,-79
507.625999927521,-79
507.825999736786,-83
508.02599978447,-83
508.225999832153,-83
508.432999849319,-83
508.632999897003,-83
508.832999944687,-83
509.033999919891,-79
509.233999729156,-79
509.4359998703,-79
509.635999917984,-79
509.839999914169,-79
510.039000034332,-79
510.237999916077,-79
510.4390001297,-79
510.637999773026,-79
510.837999820709,-79
511.037999868393,-79
511.240000009537,-79
511.44000005722,-79
511.637999773026,-79
511.837999820709,-79
512.037999868393,-79
512.240999937057,-79
512.44000005722,-79
512.642999887466,-79
512.84099984169,-79
513.040999889374,-79
513.241999864578,-79
513.441999912262,-79
513.644999980927,-79
513.842999696732,-79
514.044999837875,-84
514.24799990654,-84
514.444999933243,-84
514.644999980927,-84
514.844999790192,-84
515.044999837875,-84
515.244999885559,-84
515.444999933243,-84
515.644999980927,-84
515.844999790192,-84
516.043999910355,-84
516.243999958038,-84
516.444000005722,-78
516.644000053406,-78
516.843999862671,-78
517.045999765396,-78
517.255000114441,-78
517.454999923706,-78
517.65499997139,-84
517.855000019073,-84
518.055000066757,-84
518.255000114441,-84
518.454999923706,-84
518.65499997139,-84
518.855000019073,-79
519.055000066757,-79
519.255000114441,-79
519.454999923706,-79
519.65499997139,-79
519.855000019073,-79
520.055000066757,-78
520.256000041962,-78
520.464999914169,-78
520.65499997139,-78
520.856999874115,-78
521.055000066757,-78
521.255000114441,-78
521.463000059128,-78
521.657999753952,-78
521.859999895096,-78
522.05899977684,-78
522.258999824524,-78
522.458999872208,-79
522.659999847412,-79
522.859999895096,-79
523.0609998703,-79
523.261999845505,-79
523.460000038147,-79
523.659999847412,-84
523.858999729156,-84
524.05999994278,-84
524.259999990463,-84
524.460999965668,-84
524.661000013351,-84
524.861999750137,-79
525.061999797821,-79
525.261999845505,-79
525.46599984169,-79
525.661999940872,-79
525.865000009537,-79
526.06299996376,-79
526.261999845505,-79
526.463000059128,-79
526.665999889374,-79
526.865000009537,-79
527.064999818802,-79
527.264999866486,-84
527.46599984169,-84
527.665999889374,-84
527.865999937057,-84
528.065999746323,-84
528.265999794006,-84
528.46599984169,-84
528.665999889374,-84
528.865999937057,-84
529.065999746323,-84
529.265999794006,-84
529.466999769211,-84
529.667999982834,-84
529.868000030518,-85
530.072999954224,-85
530.272000074387,-85
530.471999883652,-85
530.671999931335,-85
530.899999856949,-85
531.072999954224,-85
531.274999856949,-85
531.474999666214,-85
531.674999713898,-85
531.873999834061,-85
532.075999975204,-85
532.276000022888,-84
532.474999666214,-84
532.674999713898,-84
532.875999927521,-84
533.075999975204,-84
533.274999856949,-84
533.474999666214,-84
533.674999713898,-84
533.874999761581,-84
534.074999809265,-84
534.274999856949,-84
534.474999666214,-84
534.675999879837,-79
534.873999834061,-79
535.074999809265,-79
535.273999929428,-79
535.476000070572,-79
535.675999879837,-79
535.875999927521,-79
536.074999809265,-79
536.276999950409,-79
536.476000070572,-79
536.680000066757,-79
536.877999782562,-79
537.075999975204,-80
537.276000022888,-80
537.476999998093,-80
537.676999807358,-80
537.876999855042,-80
538.076999902725,-80
538.276999950409,-84
538.476999998093,-84
538.676999807358,-84
538.876999855042,-84
539.077999830246,-84
539.279000043869,-84
539.476999998093,-84
539.677999734879,-84
539.876999855042,-84
540.076999902725,-84
540.27799987793,-84
540.477999925613,-84
540.680000066757,-84
540.876999855042,-78
541.076999902725,-78
541.27799987793,-78
541.477999925613,-78
541.676999807358,-78
541.878999948502,-78
542.079999923706,-79
542.279000043869,-79
542.479000091553,-79
542.681999921799,-79
542.884999990463,-79
543.080999851227,-79
543.280999898911,-79
543.490999698639,-79
543.682999849319,-79
543.887000083923,-79
544.083999872208,-79
544.284999847412,-79
544.484999895096,-79
544.68499994278,-79
544.884999990463,-79
545.084999799728,-79
545.284999847412,-79
545.484999895096,-79
545.688999891281,-79
545.888000011444,-79
546.088000059128,-79
546.287999868393,-79
546.488999843597,-79
546.688999891281,-79
546.887000083923,-80
547.087000131607,-80
547.286999940872,-80
547.486999988556,-80
547.68799996376,-80
547.888000011444,-80
548.088000059128,-79
548.287999868393,-79
548.487999916077,-79
548.688999891281,-79
548.889999866486,-79
549.088999986649,-79
549.288999795914,-79
549.490999698639,-79
549.688999891281,-79
549.890999794006,-79
550.088999986649,-79
550.287999868393,-79
550.490999698639,-79
550.700999975204,-79
550.89899969101,-79
551.106999874115,-79
551.299999952316,-79
551.503000020981,-79
551.700999975204,-79
551.90099978447,-79
552.100999832153,-79
552.300999879837,-79
552.503000020981,-79
552.700000047684,-79
552.899999856949,-79
553.099999904633,-79
553.299999952316,-79
553.5,-79
553.700000047684,-79
553.899999856949,-79
554.099999904633,-78
554.299999952316,-78
554.5,-78
554.700000047684,-78
554.899999856949,-78
555.099999904633,-78
555.299999952316,-83
555.5,-83
555.700999975204,-83
555.904000043869,-83
556.113999843597,-83
556.31299996376,-83
556.509999752045,-84
556.710999965668,-84
556.911999940872,-84
557.111999988556,-84
557.31200003624,-84
557.511999845505,-84
557.711999893188,-84
557.911999940872,-84
558.111999988556,-84
558.31299996376,-84
558.513999938965,-84
558.712999820709,-84
558.912999868393,-79
559.112999916077,-79
559.31299996376,-79
559.511999845505,-79
559.71399974823,-79
559.912999868393,-79
560.112999916077,-79
560.31299996376,-79
560.511999845505,-79
560.711999893188,-79
560.912999868393,-79
561.112999916077,-79
561.313999891281,-79
561.513999938965,-84
561.719000101089,-84
561.922999858856,-84
562.114999771118,-84
562.314999818802,-84
562.514999866486,-84
562.714999675751,-84
562.921999931335,-84
563.117999792099,-84
563.317999839783,-84
563.517999887466,-84
563.721999883652,-84
563.917999744415,-79
564.116999864578,-79
564.316999912262,-79
564.519000053406,-79
564.719000101089,-79
564.920000076294,-79
565.118999958038,-78
565.319000005722,-78
565.519000053406,-78
565.719000101089,-78
565.918999910355,-78
566.12099981308,-78
566.319000005722,-84
566.538999795914,-84
566.737999916077,-84
566.93399977684,-84
567.134999990463,-84
567.336999893188,-84
567.539999961853,-84
567.736999988556,-84
567.936999797821,-84
568.136999845505,-84
568.336999893188,-84
568.536999940872,-84
568.736999988556,-83
568.936999797821,-83
569.138999700546,-83
569.336999893188,-83
569.537999868393,-83
569.737999916077,-83
569.937999725342,-78
570.137999773026,-78
570.34299993515,-78
570.537999868393,-78
570.737999916077,-78
570.938999652863,-78
571.138999700546,-84
571.33899974823,-84
571.537999868393,-84
571.737999916077,-84
571.937999725342,-84
572.137999773026,-84
572.33899974823,-84
572.538999795914,-84
572.737999916077,-84
572.938999652863,-84
573.138999700546,-84
573.339999914169,-84
573.539999961853,-85
573.740999937057,-85
573.938999652863,-85
574.140999794006,-85
574.339999914169,-85
574.539999961853,-85
574.740000009537,-85
574.94000005722,-79
575.144999980927,-79
575.344999790192,-79
575.544999837875,-79
575.744999885559,-79
575.944999933243,-79
576.144999980927,-84
576.343999862671,-84
576.545999765396,-84
576.744999885559,-84
576.944999933243,-84
577.146999835968,-84
577.345999717712,-78
577.546999692917,-78
577.74799990654,-78
577.948999881744,-78
578.151000022888,-78
578.349999904633,-78
578.549999713898,-84
578.749999761581,-84
578.950999975204,-84
579.151999950409,-84
579.349999904633,-84
579.551000118256,-84
579.750999927521,-79
579.949999809265,-79
580.149999856949,-79
580.349999904633,-79
580.549999713898,-79
580.754999876022,-79
580.959000110626,-84
581.156999826431,-84
581.356999874115,-84
581.559000015259,-84
581.757999897003,-84
581.957999944687,-84
582.158999919891,-79
582.359999895096,-79
582.565999746323,-79
582.760999917984,-79
582.960999965668,-79
583.161000013351,-79
583.360999822617,-79
583.563999891281,-79
583.760999917984,-79
583.961999893188,-79
584.159999847412,-79
584.361999750137,-79
584.5609998703,-84
584.760999917984,-84
584.960999965668,-84
585.161000013351,-84
585.360999822617,-84
585.5609998703,-84
585.760999917984,-80
585.960999965668,-80
586.161999940872,-80
586.360999822617,-80
586.5609998703,-80
586.760999917984,-80
586.964999914169,-84
587.165999889374,-84
587.365999937057,-84
587.565999746323,-84
587.766999959946,-84
587.96799993515,-84
588.164999961853,-78
588.365999937057,-78
588.565999746323,-78
588.765999794006,-78
588.96599984169,-78
589.165999889374,-78
589.365999937057,-78
589.565999746323,-78
589.765999794006,-78
589.967000007629,-78
590.167000055313,-78
590.367000102997,-78
590.566999912262,-78
590.766999959946,-84
590.967000007629,-84
591.167000055313,-84
591.367000102997,-84
591.566999912262,-84
591.766999959946,-84
591.96799993515,-84
592.175999879837,-84
592.375,-84
592.575999975204,-84
592.776999950409,-84
592.976999998093,-84
593.180000066757,-82
593.376999855042,-82
593.579999923706,-82
593.77999997139,-82
593.978999853134,-82
594.178999662399,-82
594.378999710083,-80
594.579999923706,-80
594.780999898911,-80
594.983999967575,-80
595.18499994278,-80
595.391999959946,-80
595.592000007629,-85
595.792999982834,-85
595.990999937057,-85
596.190999984741,-85
596.391000032425,-85
596.591000080109,-85
596.791000127792,-78
596.990999937057,-78
597.189999818802,-78
597.391000032425,-78
597.591000080109,-78
597.791000127792,-78
597.990999937057,-83
598.190999984741,-83
598.391000032425,-83
598.593999862671,-83
598.791000127792,-83
598.990999937057,-83
599.190999984741,-80
599.391000032425,-80
599.604999780655,-80
599.799999952316,-80
600,-80
600.200000047684,-80
600.401999950409,-78
600.599999904633,-78
600.799999952316,-78
