x,y
0,-87
0.200000047683716,-87
0.400000095367432,-87
0.60200023651123,-87
0.800999879837036,-87
1.00099992752075,-85
1.20099997520447,-85
1.40100002288818,-85
1.6010000705719,-85
1.79999995231628,-85
2.00300002098083,-85
2.2020001411438,-88
2.40000009536743,-88
2.60000014305115,-88
2.79999995231628,-88
3.00099992752075,-88
3.2020001411438,-88
3.40300011634827,-87
3.60200023651123,-87
3.8030002117157,-87
4.00300002098083,-87
4.2020001411438,-87
4.40300011634827,-87
4.60200023651123,-82
4.80200028419495,-82
5.00200009346008,-82
5.2020001411438,-82
5.40300011634827,-82
5.60600018501282,-82
5.8030002117157,-88
6.00300002098083,-88
6.2039999961853,-88
6.40400004386902,-88
6.60400009155273,-88
6.80500030517578,-88
7.0050003528595,-83
7.21700000762939,-83
7.41000008583069,-83
7.6100001335144,-83
7.81000018119812,-83
8.01000022888184,-83
8.21000027656555,-83
8.41000008583069,-85
8.6100001335144,-85
8.81000018119812,-85
9.01000022888184,-85
9.21000027656555,-85
9.41000008583069,-85
9.6100001335144,-86
9.81000018119812,-86
10.0110001564026,-86
10.2110002040863,-86
10.4100000858307,-86
10.6100001335144,-86
10.8100001811981,-86
11.0199999809265,-86
11.2170000076294,-86
11.4170000553131,-86
11.6169998645782,-86
11.816999912262,-86
12.0169999599457,-84
12.239000082016,-84
12.4190001487732,-84
12.6190001964569,-84
12.819000005722,-84
13.0199999809265,-84
13.2200000286102,-86
13.4290001392365,-86
13.6230001449585,-86
13.824000120163,-86
14.0239999294281,-86
14.2230000495911,-86
14.4240000247955,-85
14.6270000934601,-85
14.8280000686646,-85
15.0300002098083,-85
15.2249999046326,-85
15.4249999523163,-85
15.625,-82
15.8250000476837,-82
16.0239999294281,-82
16.2249999046326,-82
16.4260001182556,-82
16.6260001659393,-82
16.8250000476837,-82
17.0270001888275,-82
17.2269999980927,-82
17.4270000457764,-82
17.6300001144409,-82
17.8290002346039,-82
18.0290002822876,-83
18.2300002574921,-83
18.4290001392365,-83
18.6290001869202,-83
18.8290002346039,-83
19.0290002822876,-83
19.2290003299713,-83
19.4290001392365,-83
19.6290001869202,-83
19.8300001621246,-83
20.0310001373291,-83
20.2320001125336,-83
20.433000087738,-83
20.6329998970032,-83
20.8329999446869,-83
21.0329999923706,-83
21.2330000400543,-83
21.433000087738,-83
21.6329998970032,-83
21.8329999446869,-83
22.0329999923706,-83
22.2320001125336,-83
22.4320001602173,-83
22.6329998970032,-83
22.8340001106262,-83
23.0350000858307,-86
23.2350001335144,-86
23.4350001811981,-86
23.6360001564026,-86
23.8450002670288,-86
24.0390000343323,-86
24.2400000095367,-86
24.4470000267029,-86
24.6480000019073,-86
24.8440001010895,-86
25.0430002212524,-86
25.2430000305176,-86
25.4430000782013,-86
25.6440000534058,-86
25.8440001010895,-86
26.0430002212524,-86
26.2430000305176,-86
26.444000005722,-86
26.6450002193451,-82
26.8480000495911,-82
27.0480000972748,-82
27.2450001239777,-82
27.4460000991821,-82
27.6450002193451,-82
27.8450002670288,-83
28.0500001907349,-83
28.2480001449585,-83
28.4489998817444,-83
28.6470000743866,-83
28.8500001430511,-83
29.0500001907349,-82
29.2480001449585,-82
29.4479999542236,-82
29.6480000019073,-82
29.8480000495911,-82
30.0480000972748,-82
30.2480001449585,-82
30.4479999542236,-82
30.6489999294281,-82
30.8489999771118,-82
31.0500001907349,-82
31.2500002384186,-82
31.4500002861023,-82
31.6500000953674,-82
31.8489999771118,-82
32.0490000247955,-82
32.2490000724792,-82
32.4489998817444,-82
32.6500000953674,-86
32.8489999771118,-86
33.0520000457764,-86
33.2510001659393,-86
33.451000213623,-86
33.6510000228882,-86
33.853000164032,-87
34.0520000457764,-87
34.2510001659393,-87
34.4500002861023,-87
34.6510000228882,-87
34.8510000705719,-87
35.0520000457764,-83
35.2520000934601,-83
35.451000213623,-83
35.6519999504089,-83
35.853000164032,-83
36.0540001392365,-83
36.2599999904633,-85
36.4610002040863,-85
36.6570000648499,-85
36.856999874115,-85
37.0569999217987,-85
37.2580001354218,-85
37.4590001106262,-82
37.6590001583099,-82
37.8630001544952,-82
38.0599999427795,-82
38.2599999904633,-82
38.460000038147,-82
38.6600000858307,-87
38.8590002059937,-87
39.0590000152588,-87
39.2599999904633,-87
39.4610002040863,-87
39.6620001792908,-87
39.8660001754761,-87
40.0650000572205,-87
40.2630000114441,-87
40.4630000591278,-87
40.6630001068115,-87
40.8630001544952,-87
41.063000202179,-87
41.2639999389648,-87
41.4649999141693,-87
41.6679999828339,-87
41.8700001239777,-87
42.0690002441406,-87
42.268000125885,-85
42.4679999351501,-85
42.6870000362396,-85
42.8900001049042,-85
43.0900001525879,-85
43.2900002002716,-85
43.489000082016,-85
43.6879999637604,-85
43.8889999389648,-85
44.0889999866486,-85
44.2890000343323,-85
44.4880001544952,-85
44.6879999637604,-86
44.8880000114441,-86
45.0880000591278,-86
45.2880001068115,-86
45.489000082016,-86
45.6900000572205,-86
45.8910000324249,-86
46.0900001525879,-86
46.2900002002716,-86
46.4900002479553,-86
46.6900000572205,-86
46.8900001049042,-86
47.0900001525879,-86
47.2999999523163,-83
47.4960000514984,-83
47.6970000267029,-83
47.8970000743866,-83
48.0969998836517,-83
48.2969999313354,-83
48.4960000514984,-85
48.6960000991821,-85
48.8960001468658,-85
49.095999956131,-85
49.2969999313354,-85
49.4969999790192,-85
49.6970000267029,-85
49.8970000743866,-85
50.0980002880096,-85
50.2980000972748,-85
50.4980001449585,-85
50.6980001926422,-85
50.8980002403259,-86
51.1180002689362,-86
51.3050000667572,-86
51.5049998760223,-86
51.7070000171661,-86
51.9079999923706,-86
52.1080000400543,-86
52.3050000667572,-86
52.5049998760223,-86
52.7049999237061,-86
52.9049999713898,-86
53.1040000915527,-86
53.3040001392365,-86
53.5049998760223,-86
53.7060000896454,-86
53.9060001373291,-86
54.1070001125336,-86
54.3070001602173,-86
54.507000207901,-86
54.7070000171661,-86
54.9070000648499,-86
55.1070001125336,-86
55.3070001602173,-86
55.507000207901,-86
55.7070000171661,-87
55.9060001373291,-87
56.1110000610352,-87
56.3100001811981,-87
56.5090003013611,-87
56.7090003490448,-87
56.9110000133514,-87
57.1090002059937,-87
57.3090002536774,-87
57.5090003013611,-87
57.7090003490448,-87
57.9090001583099,-87
58.1090002059937,-85
58.3090002536774,-85
58.5110001564026,-85
58.7140002250671,-85
58.9119999408722,-85
59.1110000610352,-85
59.3110001087189,-84
59.5120000839233,-84
59.7110002040863,-84
59.9129998683929,-84
60.114000082016,-84
60.3140001296997,-84
60.5130000114441,-87
60.7120001316071,-87
60.9140002727509,-87
61.1129999160767,-87
61.3140001296997,-87
61.5170001983643,-87
61.7180001735687,-83
61.9170002937317,-83
62.1159999370575,-83
62.3159999847412,-83
62.5150001049042,-83
62.7150001525879,-83
62.9160001277924,-85
63.1190001964569,-85
63.3199999332428,-85
63.5209999084473,-85
63.7220001220703,-85
63.9230000972748,-85
64.1210000514984,-85
64.3220002651215,-85
64.5220000743866,-85
64.720999956131,-85
64.922000169754,-85
65.1230001449585,-85
65.3230001926422,-82
65.5230000019073,-82
65.7230000495911,-82
65.922000169754,-82
66.1220002174377,-82
66.3220002651215,-82
66.5230000019073,-85
66.7239999771118,-85
66.9230000972748,-85
67.1230001449585,-85
67.3230001926422,-85
67.5230000019073,-85
67.7250001430511,-85
67.9300000667572,-86
68.1280000209808,-86
68.3289999961853,-86
68.529000043869,-86
68.7290000915527,-86
68.9289999008179,-86
69.1289999485016,-86
69.3289999961853,-86
69.529000043869,-86
69.7290000915527,-86
69.9420001506805,-86
70.1400001049042,-86
70.3400001525879,-83
70.5660002231598,-83
70.7500002384186,-83
70.9500002861023,-83
71.1500000953674,-83
71.3500001430511,-83
71.5500001907349,-85
71.7500002384186,-85
71.9500002861023,-85
72.1500000953674,-85
72.3500001430511,-85
72.5500001907349,-85
72.7510001659393,-85
72.9500002861023,-85
73.1500000953674,-85
73.3500001430511,-85
73.5510001182556,-85
73.7510001659393,-85
73.951000213623,-87
74.1500000953674,-87
74.3529999256134,-87
74.5500001907349,-87
74.7500002384186,-87
74.951000213623,-87
75.1510000228882,-82
75.3500001430511,-82
75.5500001907349,-82
75.7500002384186,-82
75.9500002861023,-82
76.1500000953674,-82
76.3500001430511,-82
76.5500001907349,-82
76.7500002384186,-82
76.9500002861023,-82
77.1500000953674,-82
77.3500001430511,-82
77.5500001907349,-86
77.7500002384186,-86
77.9500002861023,-86
78.1500000953674,-86
78.3500001430511,-86
78.5500001907349,-86
78.7500002384186,-83
78.9500002861023,-83
79.1500000953674,-83
79.3500001430511,-83
79.5500001907349,-83
79.7500002384186,-83
79.9500002861023,-87
80.1500000953674,-87
80.3500001430511,-87
80.5500001907349,-87
80.7500002384186,-87
80.9500002861023,-87
81.1500000953674,-86
81.3500001430511,-86
81.5520000457764,-86
81.7510001659393,-86
81.9540002346039,-86
82.1519999504089,-86
82.3519999980927,-86
82.5510001182556,-86
82.7510001659393,-86
82.951000213623,-86
83.1510000228882,-86
83.3519999980927,-86
83.5529999732971,-86
83.7580001354218,-86
83.9580001831055,-86
84.1580002307892,-86
84.3580002784729,-86
84.558000087738,-86
84.7580001354218,-86
84.9590001106262,-88
85.1590001583099,-88
85.3590002059937,-88
85.5590000152588,-88
85.7590000629425,-88
85.9590001106262,-88
86.1580002307892,-85
86.3590002059937,-85
86.5590000152588,-85
86.7590000629425,-85
86.960000038147,-85
87.1600000858307,-85
87.3600001335144,-82
87.5599999427795,-82
87.760999917984,-82
87.960000038147,-82
88.1600000858307,-82
88.3600001335144,-82
88.5599999427795,-87
88.7599999904633,-87
88.9609999656677,-87
89.1610000133514,-87
89.3610000610352,-87
89.5609998703003,-87
89.760999917984,-85
89.9609999656677,-85
90.1620001792908,-85
90.3630001544952,-85
90.5620002746582,-85
90.7620000839233,-85
90.9639999866486,-86
91.1630001068115,-86
91.3620002269745,-86
91.563000202179,-86
91.7630000114441,-86
91.9660000801086,-86
92.1640000343323,-86
92.3630001544952,-86
92.5620002746582,-86
92.7639999389648,-86
92.9650001525879,-86
93.1650002002716,-86
93.3660001754761,-86
93.5640001296997,-86
93.7660002708435,-86
93.9650001525879,-86
94.1679999828339,-86
94.3700001239777,-86
94.5680000782013,-85
94.768000125885,-85
94.9679999351501,-85
95.1679999828339,-85
95.3689999580383,-85
95.5700001716614,-85
95.7700002193451,-82
95.9839999675751,-82
96.1700000762939,-82
96.3700001239777,-82
96.5700001716614,-82
96.7700002193451,-82
96.9690001010895,-82
97.1689999103546,-82
97.3700001239777,-82
97.5700001716614,-82
97.7700002193451,-82
97.9700002670288,-82
98.1689999103546,-87
98.3689999580383,-87
98.569000005722,-87
98.7710001468658,-87
98.9690001010895,-87
99.1700000762939,-87
99.3700001239777,-86
99.5720000267029,-86
99.7700002193451,-86
99.9720001220703,-86
100.171999931335,-86
100.371999979019,-86
100.572000026703,-86
100.773000240326,-86
100.97400021553,-86
101.173000335693,-86
101.374000072479,-86
101.574000120163,-86
101.774000167847,-86
101.97300028801,-86
102.173000335693,-86
102.373000144958,-86
102.59700012207,-86
102.785000085831,-86
102.984999895096,-86
103.18499994278,-85
103.387000083923,-85
103.587000131607,-85
103.788000106812,-85
103.987000226974,-85
104.18700003624,-85
104.387000083923,-85
104.587000131607,-85
104.787000179291,-85
104.987000226974,-85
105.18799996376,-85
105.389000177383,-85
105.590000152588,-84
105.792000055313,-84
105.990000247955,-84
106.19100022316,-84
106.392999887466,-84
106.59299993515,-84
106.792000055313,-86
106.991000175476,-86
107.19100022316,-86
107.391000032425,-86
107.591000080109,-86
107.790000200272,-86
107.990000247955,-86
108.19000005722,-86
108.390000104904,-86
108.590000152588,-86
108.790000200272,-86
108.990000247955,-86
109.19000005722,-85
109.390000104904,-85
109.592000007629,-85
109.791000127792,-85
109.991000175476,-85
110.19100022316,-85
110.391000032425,-83
110.590000152588,-83
110.792000055313,-83
110.993000030518,-83
111.194000244141,-83
111.397000312805,-83
111.594000101089,-85
111.794000148773,-85
111.992000102997,-85
112.192000150681,-85
112.392999887466,-85
112.59299993515,-85
112.794000148773,-82
112.995000123978,-82
113.197000265121,-82
113.397000312805,-82
113.59700012207,-82
113.797000169754,-82
114,-85
114.199000120163,-85
114.399000167847,-85
114.59900021553,-85
114.798000097275,-85
114.999000072479,-85
115.199000120163,-82
115.401000022888,-82
115.59800028801,-82
115.799999952316,-82
116,-82
116.200000047684,-82
116.400000095367,-82
116.59900021553,-82
116.799999952316,-82
117,-82
117.200000047684,-82
117.401000022888,-82
117.602000236511,-83
117.802000284195,-83
118.00200009346,-83
118.202000141144,-83
118.402000188828,-83
118.602000236511,-83
118.800999879837,-86
119.000999927521,-86
119.200999975204,-86
119.403000116348,-86
119.602000236511,-86
119.802000284195,-86
120.00200009346,-82
120.202000141144,-82
120.402000188828,-82
120.603000164032,-82
120.804000139236,-82
121.003999948502,-82
121.203999996185,-82
121.405000209808,-87
121.604000091553,-87
121.804000139236,-87
122.003999948502,-87
122.203999996185,-87
122.404000043869,-87
122.604000091553,-87
122.804000139236,-87
123.003999948502,-87
123.203000068665,-87
123.404000043869,-87
123.604000091553,-87
123.804000139236,-86
124.003999948502,-86
124.205000162125,-86
124.404000043869,-86
124.604000091553,-86
124.804000139236,-86
125.003999948502,-87
125.203000068665,-87
125.403000116348,-87
125.603000164032,-87
125.803000211716,-87
126.003000020981,-87
126.203000068665,-82
126.404000043869,-82
126.606000185013,-82
126.805000305176,-82
127.003999948502,-82
127.203999996185,-82
127.406000137329,-85
127.605000257492,-85
127.805000305176,-85
128.005000352859,-85
128.205000162125,-85
128.405000209808,-85
128.605000257492,-87
128.805000305176,-87
129.005000352859,-87
129.205000162125,-87
129.405000209808,-87
129.605000257492,-87
129.806000232697,-83
130.014000177383,-83
130.211000204086,-83
130.40700006485,-83
130.607000112534,-83
130.807000160217,-83
131.007000207901,-85
131.207000017166,-85
131.40700006485,-85
131.607000112534,-85
131.808000087738,-85
132.009000062943,-85
132.208999872208,-87
132.408999919891,-87
132.608999967575,-87
132.81500005722,-87
133.011000156403,-87
133.211000204086,-87
133.411999940872,-83
133.616999864578,-83
133.813000202179,-83
134.013000249863,-83
134.213000297546,-83
134.41300034523,-83
134.613000154495,-83
134.813000202179,-87
135.014000177383,-87
135.213000297546,-87
135.41300034523,-87
135.613000154495,-87
135.813000202179,-87
136.012000083923,-83
136.212000131607,-83
136.411999940872,-83
136.611999988556,-83
136.81200003624,-83
137.014000177383,-83
137.216000080109,-83
137.415000200272,-83
137.615000009537,-83
137.815999984741,-83
138.016000032425,-83
138.216000080109,-83
138.417000055313,-82
138.616999864578,-82
138.815999984741,-82
139.016000032425,-82
139.219000101089,-82
139.419000148773,-82
139.620000123978,-87
139.818000078201,-87
140.018000125885,-87
140.218000173569,-87
140.418000221252,-87
140.618000268936,-87
140.818000078201,-83
141.023999929428,-83
141.22200012207,-83
141.421000242233,-83
141.621000289917,-83
141.821000337601,-83
142.021000146866,-86
142.22100019455,-86
142.422000169754,-86
142.622000217438,-86
142.822000265121,-86
143.022000074387,-86
143.22200012207,-83
143.423000097275,-83
143.623000144958,-83
143.824000120163,-83
144.025000095367,-83
144.224999904633,-83
144.424999952316,-87
144.626000165939,-87
144.830000162125,-87
145.029000282288,-87
145.228000164032,-87
145.427999973297,-87
145.630000114441,-86
145.839000225067,-86
146.036000013351,-86
146.240000009537,-86
146.436000108719,-86
146.635000228882,-86
146.838000059128,-83
147.044000148773,-83
147.243999958038,-83
147.444000005722,-83
147.644000053406,-83
147.843000173569,-83
148.043000221252,-85
148.243000030518,-85
148.443000078201,-85
148.643000125885,-85
148.843000173569,-85
149.043000221252,-85
149.243000030518,-87
149.447999954224,-87
149.644000053406,-87
149.843000173569,-87
150.043000221252,-87
150.243000030518,-87
150.443000078201,-86
150.644000053406,-86
150.845000267029,-86
151.054000139236,-86
151.250000238419,-86
151.450000286102,-86
151.650000095367,-83
151.850000143051,-83
152.050000190735,-83
152.250000238419,-83
152.451000213623,-83
152.651000022888,-83
152.850000143051,-83
153.050000190735,-87
153.250000238419,-87
153.451000213623,-87
153.650000095367,-87
153.850000143051,-87
154.050000190735,-87
154.250000238419,-87
154.450000286102,-87
154.650000095367,-87
154.851000070572,-87
155.052000045776,-87
155.25200009346,-87
155.452000141144,-83
155.651999950409,-83
155.853000164032,-83
156.053000211716,-83
156.255000114441,-83
156.455000162125,-83
156.655000209808,-88
156.855000019073,-88
157.055000066757,-88
157.255000114441,-88
157.455000162125,-88
157.655000209808,-88
157.855000019073,-87
158.055000066757,-87
158.255000114441,-87
158.455000162125,-87
158.656000137329,-87
158.855000019073,-87
159.055000066757,-85
159.255000114441,-85
159.456000089645,-85
159.656000137329,-85
159.855000019073,-85
160.056999921799,-85
160.259000062943,-87
160.461000204086,-87
160.65700006485,-87
160.865000009537,-87
161.05999994278,-87
161.259999990463,-87
161.460000038147,-85
161.660000085831,-85
161.860000133514,-85
162.05999994278,-85
162.259999990463,-85
162.460000038147,-85
162.660000085831,-86
162.860000133514,-86
163.05999994278,-86
163.259999990463,-86
163.460000038147,-86
163.662000179291,-86
163.862000226974,-86
164.05999994278,-86
164.259999990463,-86
164.460000038147,-86
164.660000085831,-86
164.860000133514,-86
165.059000015259,-82
165.264999866486,-82
165.460000038147,-82
165.66100025177,-82
165.861000299454,-82
166.062000274658,-82
166.259999990463,-87
166.463999986649,-87
166.663000106812,-87
166.863000154495,-87
167.080000162125,-87
167.267000198364,-87
167.467000007629,-86
167.667000055313,-86
167.867000102997,-86
168.067000150681,-86
168.266000270844,-86
168.467000007629,-86
168.667000055313,-87
168.867000102997,-87
169.067000150681,-87
169.267000198364,-87
169.467000007629,-87
169.667000055313,-87
169.867000102997,-87
170.067000150681,-87
170.267000198364,-87
170.469000339508,-87
170.669000148773,-87
170.870000123978,-87
171.068000078201,-86
171.267000198364,-86
171.46799993515,-86
171.669000148773,-86
171.867000102997,-86
172.068000078201,-86
172.268000125885,-86
172.470000267029,-86
172.669000148773,-86
172.869000196457,-86
173.070000171661,-86
173.271000146866,-86
173.47100019455,-86
173.671999931335,-85
173.871999979019,-85
174.072000026703,-85
174.272000074387,-85
174.47200012207,-85
174.671999931335,-85
174.871999979019,-86
175.081000089645,-86
175.274000167847,-86
175.47400021553,-86
175.673000097275,-86
175.874000072479,-86
176.075000047684,-86
176.275000095367,-86
176.476000070572,-86
176.676000118256,-86
176.875,-86
177.075999975204,-86
177.276000022888,-85
177.475000143051,-85
177.680000066757,-85
177.87900018692,-85
178.080000162125,-85
178.27999997139,-85
178.479000091553,-85
178.679000139236,-85
178.880000114441,-85
179.081000089645,-85
179.28400015831,-85
179.483000040054,-85
179.685000181198,-86
179.883000135422,-86
180.083000183105,-86
180.28400015831,-86
180.485000133514,-86
180.685000181198,-86
180.886000156403,-86
181.086000204086,-86
181.287000179291,-86
181.488000154495,-86
181.69000005722,-86
181.888000011444,-86
182.088999986649,-86
182.295000076294,-86
182.492000102997,-86
182.69300031662,-86
182.893000125885,-86
183.096999883652,-86
183.298000097275,-85
183.503000020981,-85
183.699000120163,-85
183.898000240326,-85
184.09800028801,-85
184.298000097275,-85
184.498000144958,-82
184.698000192642,-82
184.901000261307,-82
185.10100030899,-82
185.301000356674,-82
185.501000165939,-82
185.702000141144,-86
185.912999868393,-86
186.105000019073,-86
186.306000232697,-86
186.504999876022,-86
186.706000089645,-86
186.906000137329,-86
187.105000019073,-83
187.305000066757,-83
187.504999876022,-83
187.707000017166,-83
187.906000137329,-83
188.108000040054,-83
188.307000160217,-83
188.507000207901,-83
188.707000017166,-83
188.907999992371,-83
189.108000040054,-83
189.307000160217,-83
189.507000207901,-86
189.707000017166,-86
189.907999992371,-86
190.108000040054,-86
190.309000253677,-86
190.510000228882,-86
190.711000204086,-86
190.920000076294,-86
191.115000009537,-86
191.319000005722,-86
191.518000125885,-86
191.716000080109,-86
191.916000127792,-86
192.115000009537,-86
192.315999984741,-86
192.516000032425,-86
192.717000246048,-86
192.916000127792,-86
193.115999937057,-85
193.317000150681,-85
193.517000198364,-85
193.723000049591,-85
193.920000076294,-85
194.120000123978,-85
194.321000099182,-83
194.527000188828,-83
194.723000049591,-83
194.924000024796,-83
195.123000144958,-83
195.324000120163,-83
195.523999929428,-83
195.723999977112,-87
195.930000066757,-87
196.12700009346,-87
196.327000141144,-87
196.527000188828,-87
196.726999998093,-87
196.927000045776,-87
197.12700009346,-87
197.327000141144,-87
197.527000188828,-87
197.728000164032,-87
197.927999973297,-87
198.128000020981,-85
198.328000068665,-85
198.529000043869,-85
198.729000091553,-85
198.927999973297,-85
199.128000020981,-85
199.328000068665,-87
199.528000116348,-87
199.729000091553,-87
199.930000066757,-87
200.131000041962,-87
200.331000089645,-87
200.533000230789,-82
200.732000112534,-82
200.932000160217,-82
201.133000135422,-82
201.334000110626,-82
201.539000034332,-82
201.742000102997,-86
201.93700003624,-86
202.138000249863,-86
202.338000059128,-86
202.538000106812,-86
202.738000154495,-86
202.94100022316,-83
203.146000146866,-83
203.34600019455,-83
203.545000076294,-83
203.747000217438,-83
203.950000286102,-83
204.151000022888,-83
204.361000061035,-83
204.558000087738,-83
204.758000135422,-83
204.958000183105,-83
205.158000230789,-83
205.358000278473,-86
205.558000087738,-86
205.760999917984,-86
205.962000131607,-86
206.160000085831,-86
206.361000061035,-86
206.55999994278,-83
206.760999917984,-83
206.960999965668,-83
207.161000013351,-83
207.361000061035,-83
207.5609998703,-83
207.760999917984,-83
207.960999965668,-83
208.161000013351,-83
208.361000061035,-83
208.5609998703,-83
208.760999917984,-83
208.960999965668,-87
209.161000013351,-87
209.362000226974,-87
209.562000274658,-87
209.762000083923,-87
209.962000131607,-87
210.162000179291,-87
210.363000154495,-86
210.5640001297,-86
210.762000083923,-86
210.963000059128,-86
211.163000106812,-86
211.363000154495,-86
211.563000202179,-85
211.763000011444,-85
211.963000059128,-85
212.163000106812,-85
212.363000154495,-85
212.562000274658,-85
212.763000011444,-86
212.963000059128,-86
213.163000106812,-86
213.363000154495,-86
213.5640001297,-86
213.766000270844,-86
213.963999986649,-84
214.174000263214,-84
214.371999979019,-84
214.571000099182,-84
214.772000074387,-84
214.97200012207,-84
215.174000263214,-87
215.378000259399,-87
215.574000120163,-87
215.774000167847,-87
215.976999998093,-87
216.177000045776,-87
216.37700009346,-82
216.578000068665,-82
216.774000167847,-82
216.975000143051,-82
217.177000045776,-82
217.37700009346,-82
217.576999902725,-87
217.779000043869,-87
217.976999998093,-87
218.181000232697,-87
218.380000114441,-87
218.580000162125,-87
218.77999997139,-83
218.979000091553,-83
219.179000139236,-83
219.37900018692,-83
219.578999996185,-83
219.779000043869,-83
219.979000091553,-83
220.179000139236,-83
220.37900018692,-83
220.578999996185,-83
220.781000137329,-83
220.981000185013,-83
221.182000160217,-86
221.392999887466,-86
221.580000162125,-86
221.77999997139,-86
221.980000019073,-86
222.180000066757,-86
222.38100028038,-83
222.582000255585,-83
222.782999992371,-83
222.983999967575,-83
223.183000087738,-83
223.383000135422,-83
223.584000110626,-87
223.791000127792,-87
223.990000247955,-87
224.1890001297,-87
224.389000177383,-87
224.589000225067,-87
224.794000148773,-82
224.991000175476,-82
225.19100022316,-82
225.392999887466,-82
225.59299993515,-82
225.794000148773,-82
225.999000072479,-82
226.199000120163,-82
226.398000240326,-82
226.59900021553,-82
226.799000024796,-82
226.998000144958,-82
227.198000192642,-85
227.399000167847,-85
227.600000143051,-85
227.799999952316,-85
228,-85
228.200000047684,-85
228.400000095367,-87
228.600000143051,-87
228.804000139236,-87
229,-87
229.200000047684,-87
229.400000095367,-87
229.600000143051,-87
229.799999952316,-86
230,-86
230.200000047684,-86
230.400000095367,-86
230.600000143051,-86
230.799999952316,-86
231,-86
231.200000047684,-86
231.399000167847,-86
231.600000143051,-86
231.799999952316,-86
232,-86
232.200000047684,-83
232.400000095367,-83
232.600000143051,-83
232.800999879837,-83
233.000999927521,-83
233.200999975204,-83
233.400000095367,-86
233.600000143051,-86
233.799999952316,-86
234,-86
234.200000047684,-86
234.400000095367,-86
234.603000164032,-86
234.815999984741,-86
235.012000083923,-86
235.212000131607,-86
235.411999940872,-86
235.611999988556,-86
235.81200003624,-83
236.012000083923,-83
236.212000131607,-83
236.41300034523,-83
236.614000082016,-83
236.8140001297,-83
237.014000177383,-83
237.215000152588,-83
237.419000148773,-83
237.615999937057,-83
237.818000078201,-83
238.021000146866,-83
238.22100019455,-82
238.415000200272,-82
238.616999864578,-82
238.821000337601,-82
239.021000146866,-82
239.22200012207,-82
239.424000024796,-86
239.623000144958,-86
239.823000192642,-86
240.023000001907,-86
240.223000049591,-86
240.424000024796,-86
240.624000072479,-83
240.824000120163,-83
241.025000095367,-83
241.226999998093,-83
241.424000024796,-83
241.628000020981,-83
241.829000234604,-86
242.030000209808,-86
242.229000329971,-86
242.429000139236,-86
242.628000020981,-86
242.839000225067,-86
243.038000106812,-86
243.240999937057,-86
243.44000005722,-86
243.639000177383,-86
243.839000225067,-86
244.039000034332,-86
244.239000082016,-87
244.4390001297,-87
244.639000177383,-87
244.840000152588,-87
245.040999889374,-87
245.240999937057,-87
245.440999984741,-82
245.642000198364,-82
245.843000173569,-82
246.044000148773,-82
246.245000123978,-82
246.443000078201,-82
246.643000125885,-86
246.842000246048,-86
247.044000148773,-86
247.242000102997,-86
247.442000150681,-86
247.642000198364,-86
247.843000173569,-86
248.044000148773,-86
248.248000144958,-86
248.448999881744,-86
248.647000074387,-86
248.84700012207,-86
249.049000024796,-86
249.248000144958,-86
249.447999954224,-86
249.648000001907,-86
249.848000049591,-86
250.048000097275,-86
250.248000144958,-86
250.447999954224,-83
250.648000001907,-83
250.848000049591,-83
251.048000097275,-83
251.248000144958,-83
251.447999954224,-83
251.648999929428,-86
251.850000143051,-86
252.052000045776,-86
252.251000165939,-86
252.451000213623,-86
252.651999950409,-86
252.850000143051,-82
253.050000190735,-82
253.25200009346,-82
253.451000213623,-82
253.650000095367,-82
253.850000143051,-82
254.050000190735,-86
254.250000238419,-86
254.450000286102,-86
254.656000137329,-86
254.853000164032,-86
255.053000211716,-86
255.253000259399,-83
255.453000307083,-83
255.653000354767,-83
255.853000164032,-83
256.053000211716,-83
256.253000259399,-83
256.453000307083,-82
256.653000354767,-82
256.853000164032,-82
257.0640001297,-82
257.259999990463,-82
257.459000110626,-82
257.65700006485,-86
257.858000278473,-86
258.05999994278,-86
258.259000062943,-86
258.460000038147,-86
258.66100025177,-86
258.862000226974,-82
259.05999994278,-82
259.259999990463,-82
259.460000038147,-82
259.660000085831,-82
259.860000133514,-82
260.061000347137,-86
260.263999938965,-86
260.463999986649,-86
260.667000055313,-86
260.867000102997,-86
261.068000078201,-86
261.269000291824,-86
261.467000007629,-86
261.669000148773,-86
261.871000051498,-86
262.090000152588,-86
262.288000106812,-86
262.487000226974,-83
262.685000181198,-83
262.885000228882,-83
263.086000204086,-83
263.287000179291,-83
263.488000154495,-83
263.688999891281,-87
263.900000095367,-87
264.093000173569,-87
264.293000221252,-87
264.494000196457,-87
264.701000213623,-87
264.895000219345,-82
265.122000217438,-82
265.31299996376,-82
265.513000011444,-82
265.713000059128,-82
265.912999868393,-82
266.112999916077,-83
266.31299996376,-83
266.513000011444,-83
266.713000059128,-83
266.914000272751,-83
267.114000082016,-83
267.31500005722,-83
267.515000104904,-83
267.716000080109,-83
267.919000148773,-83
268.118000268936,-83
268.318000078201,-83
268.518000125885,-86
268.72000002861,-86
268.919000148773,-86
269.120000123978,-86
269.319999933243,-86
269.519999980927,-86
269.720999956131,-86
269.921000003815,-86
270.122000217438,-86
270.323000192642,-86
270.522000074387,-86
270.72200012207,-86
270.922000169754,-86
271.124000072479,-86
271.322000265121,-86
271.526000261307,-86
271.723000049591,-86
271.923000097275,-86
272.123000144958,-86
272.322000265121,-82
272.523000001907,-82
272.723999977112,-82
272.925000190735,-82
273.126000165939,-82
273.326000213623,-82
273.526000261307,-86
273.726000070572,-86
273.927000045776,-86
274.12700009346,-86
274.327000141144,-86
274.527000188828,-86
274.726999998093,-82
274.935000181198,-82
275.131000041962,-82
275.333000183105,-82
275.533000230789,-82
275.734000205994,-82
275.93700003624,-86
276.135000228882,-86
276.339000225067,-86
276.538000106812,-86
276.739000082016,-86
276.94000005722,-86
277.139000177383,-86
277.339000225067,-86
277.543000221252,-86
277.741000175476,-86
277.94100022316,-86
278.141000270844,-86
278.341000318527,-87
278.541000127792,-87
278.741000175476,-87
278.94100022316,-87
279.141000270844,-87
279.341000318527,-87
279.541000127792,-86
279.741000175476,-86
279.94100022316,-86
280.142000198364,-86
280.343000173569,-86
280.543000221252,-86
280.743999958038,-86
280.943000078201,-86
281.144000053406,-86
281.34500002861,-86
281.545000076294,-86
281.744999885559,-86
281.946000099182,-82
282.147000074387,-82
282.34900021553,-82
282.546000242233,-82
282.747000217438,-82
282.947000026703,-82
283.147000074387,-87
283.34700012207,-87
283.547000169754,-87
283.755000114441,-87
283.952000141144,-87
284.151999950409,-87
284.354000091553,-87
284.562000274658,-87
284.760999917984,-87
284.958000183105,-87
285.158000230789,-87
285.358000278473,-87
285.559000015259,-83
285.759000062943,-83
285.979000091553,-83
286.161000013351,-83
286.359000205994,-83
286.559000015259,-83
286.759999990463,-86
286.960000038147,-86
287.160000085831,-86
287.360000133514,-86
287.55999994278,-86
287.759999990463,-86
287.960000038147,-86
288.171000003815,-86
288.364000082016,-86
288.565000295639,-86
288.766000270844,-86
288.966000080109,-86
289.167000055313,-86
289.367000102997,-86
289.569000005722,-86
289.768000125885,-86
289.96799993515,-86
290.170000076294,-86
290.370000123978,-86
290.572000026703,-85
290.771000146866,-85
290.970000267029,-85
291.170000076294,-85
291.371000051498,-85
291.572000026703,-85
291.772000074387,-86
291.97200012207,-86
292.171999931335,-86
292.371999979019,-86
292.572000026703,-86
292.772000074387,-86
292.97200012207,-86
293.171999931335,-86
293.371999979019,-86
293.574000120163,-86
293.775000095367,-86
293.97200012207,-86
294.171999931335,-86
294.375,-86
294.572000026703,-86
294.774000167847,-86
294.976000070572,-86
295.177000045776,-86
295.375999927521,-83
295.574000120163,-83
295.776999950409,-83
295.97300028801,-83
296.173000335693,-83
296.374000072479,-83
296.575000047684,-86
296.774000167847,-86
296.975000143051,-86
297.180000066757,-86
297.37900018692,-86
297.578999996185,-86
297.77999997139,-82
297.981000185013,-82
298.181000232697,-82
298.38100028038,-82
298.582000255585,-82
298.78200006485,-82
298.982000112534,-86
299.182000160217,-86
299.382000207901,-86
299.582000255585,-86
299.78200006485,-86
299.982000112534,-86
300.182000160217,-83
300.382000207901,-83
300.582000255585,-83
300.78200006485,-83
300.983999967575,-83
301.184000015259,-83
301.384000062943,-83
301.585000038147,-85
301.78400015831,-85
301.983000040054,-85
302.183000087738,-85
302.383000135422,-85
302.583000183105,-85
302.782999992371,-83
302.983000040054,-83
303.19000005722,-83
303.391999959946,-83
303.594000101089,-83
303.794000148773,-83
303.992000102997,-86
304.192000150681,-86
304.391000032425,-86
304.591000080109,-86
304.791000127792,-86
304.991000175476,-86
305.19100022316,-82
305.391000032425,-82
305.591000080109,-82
305.791000127792,-82
305.991000175476,-82
306.19100022316,-82
306.391000032425,-86
306.594000101089,-86
306.796000003815,-86
306.993000030518,-86
307.194000244141,-86
307.394000291824,-86
307.594000101089,-87
307.794000148773,-87
307.996000051498,-87
308.196000099182,-87
308.396000146866,-87
308.59700012207,-87
308.795000076294,-86
308.994000196457,-86
309.194000244141,-86
309.394000291824,-86
309.59500002861,-86
309.795000076294,-86
309.995000123978,-86
310.195000171661,-86
310.395000219345,-86
310.59800028801,-86
310.799999952316,-86
311.00200009346,-86
311.197000265121,-84
311.398000240326,-84
311.59800028801,-84
311.798000097275,-84
311.998000144958,-84
312.197000265121,-84
312.397000312805,-82
312.621000289917,-82
312.799000024796,-82
312.999000072479,-82
313.199000120163,-82
313.399000167847,-82
313.59900021553,-86
313.799000024796,-86
313.998000144958,-86
314.199000120163,-86
314.399000167847,-86
314.59900021553,-86
314.799000024796,-86
314.999000072479,-86
315.199000120163,-86
315.399000167847,-86
315.59900021553,-86
315.799000024796,-86
315.999000072479,-87
316.199000120163,-87
316.399000167847,-87
316.600000143051,-87
316.803000211716,-87
317.003000020981,-87
317.203000068665,-86
317.401000022888,-86
317.601000070572,-86
317.802000284195,-86
318.003000020981,-86
318.203999996185,-86
318.406000137329,-86
318.606000185013,-86
318.805000305176,-86
319.010000228882,-86
319.208999872208,-86
319.410000085831,-86
319.614000082016,-86
319.8140001297,-87
320.012000083923,-87
320.212000131607,-87
320.416000127792,-87
320.615000009537,-87
320.819999933243,-87
321.019000053406,-83
321.223000049591,-83
321.426000118256,-83
321.626000165939,-83
321.823000192642,-83
322.023000001907,-83
322.223000049591,-86
322.424000024796,-86
322.623000144958,-86
322.823000192642,-86
323.023000001907,-86
323.223000049591,-86
323.423000097275,-85
323.623000144958,-85
323.823000192642,-85
324.026000261307,-85
324.223999977112,-85
324.424999952316,-85
324.625,-83
324.827000141144,-83
325.027000188828,-83
325.226999998093,-83
325.427000045776,-83
325.631000041962,-83
325.828000068665,-82
326.029000282288,-82
326.229000329971,-82
326.430000066757,-82
326.630000114441,-82
326.831000089645,-82
327.03200006485,-83
327.232000112534,-83
327.432000160217,-83
327.634000062943,-83
327.837000131607,-83
328.039999961853,-83
328.235000133514,-82
328.454000234604,-82
328.634000062943,-82
328.835000038147,-82
329.035000085831,-82
329.235000133514,-82
329.435000181198,-82
329.636000156403,-82
329.840000152588,-82
330.040999889374,-82
330.242000102997,-82
330.447000026703,-82
330.646000146866,-82
330.845000267029,-82
331.046000242233,-82
331.246000289917,-82
331.447000026703,-82
331.645000219345,-82
331.845000267029,-87
332.045000314713,-87
332.245000123978,-87
332.447000026703,-87
332.646000146866,-87
332.84700012207,-87
333.050000190735,-86
333.247000217438,-86
333.447000026703,-86
333.647000074387,-86
333.84700012207,-86
334.047000169754,-86
334.248000144958,-86
334.447999954224,-86
334.650000095367,-86
334.848999977112,-86
335.049000024796,-86
335.250000238419,-86
335.448999881744,-85
335.648999929428,-85
335.850000143051,-85
336.050000190735,-85
336.251000165939,-85
336.451000213623,-85
336.651000022888,-82
336.851000070572,-82
337.051000118256,-82
337.251000165939,-82
337.452000141144,-82
337.653000354767,-82
337.854000091553,-82
338.058000087738,-86
338.25400018692,-86
338.454000234604,-86
338.654000282288,-86
338.855000019073,-86
339.056999921799,-86
339.258000135422,-86
339.459000110626,-86
339.671999931335,-86
339.869000196457,-86
340.069000244141,-86
340.269000291824,-86
340.470000267029,-86
340.670000076294,-86
340.870000123978,-86
341.070000171661,-86
341.272000074387,-86
341.470000267029,-86
341.671999931335,-88
341.87299990654,-88
342.072999954224,-88
342.272000074387,-88
342.47200012207,-88
342.671999931335,-88
342.871999979019,-83
343.072000026703,-83
343.271000146866,-83
343.473000049591,-83
343.673000097275,-83
343.87299990654,-83
344.074000120163,-85
344.272000074387,-85
344.47400021553,-85
344.673000097275,-85
344.87299990654,-85
345.072999954224,-85
345.273000001907,-86
345.478000164032,-86
345.674000263214,-86
345.875999927521,-86
346.078999996185,-86
346.278000116348,-86
346.479000091553,-83
346.678000211716,-83
346.878000259399,-83
347.078000068665,-83
347.278000116348,-83
347.478000164032,-83
347.678000211716,-86
347.882000207901,-86
348.082000255585,-86
348.279000043869,-86
348.479000091553,-86
348.679000139236,-86
348.880000114441,-86
349.080000162125,-86
349.27999997139,-86
349.480000019073,-86
349.680999994278,-86
349.882000207901,-86
350.082000255585,-86
350.28200006485,-86
350.483999967575,-86
350.684000015259,-86
350.886000156403,-86
351.086000204086,-86
351.28600025177,-83
351.492000102997,-83
351.68799996376,-83
351.888000011444,-83
352.088000059128,-83
352.289000034332,-83
352.490000247955,-86
352.69000005722,-86
352.894000291824,-86
353.09500002861,-86
353.293000221252,-86
353.496000051498,-86
353.695000171661,-87
353.895000219345,-87
354.094000101089,-87
354.295000076294,-87
354.499000072479,-87
354.699000120163,-87
354.901000261307,-87
355.09500002861,-87
355.296000003815,-87
355.496000051498,-87
355.696000099182,-87
355.899000167847,-87
356.09800028801,-87
356.299999952316,-83
356.499000072479,-83
356.699000120163,-83
356.899000167847,-83
357.09900021553,-83
357.298000097275,-83
357.498000144958,-86
357.700000047684,-86
357.901000261307,-86
358.10100030899,-86
358.299999952316,-86
358.5,-86
358.700000047684,-86
358.900000095367,-86
359.100000143051,-86
359.299999952316,-86
359.501000165939,-86
359.701000213623,-86
359.902000188828,-82
360.102000236511,-82
360.302000284195,-82
360.50200009346,-82
360.702000141144,-82
360.902000188828,-82
361.102000236511,-85
361.317000150681,-85
361.503000020981,-85
361.702000141144,-85
361.903000116348,-85
362.104000091553,-85
362.304000139236,-86
362.503999948502,-86
362.703999996185,-86
362.904000043869,-86
363.104000091553,-86
363.304000139236,-86
363.503999948502,-82
363.703999996185,-82
363.906000137329,-82
364.106000185013,-82
364.303000211716,-82
364.503000020981,-82
364.703999996185,-86
364.904000043869,-86
365.103000164032,-86
365.303000211716,-86
365.503000020981,-86
365.703000068665,-86
365.903000116348,-83
366.106000185013,-83
366.303000211716,-83
366.504999876022,-83
366.707000017166,-83
366.90499997139,-83
367.105000019073,-86
367.305000066757,-86
367.508000135422,-86
367.704999923706,-86
367.90499997139,-86
368.105000019073,-86
368.304000139236,-83
368.504999876022,-83
368.707999944687,-83
368.907999992371,-83
369.108000040054,-83
369.308000087738,-83
369.508000135422,-87
369.710000276566,-87
369.918000221252,-87
370.110000133514,-87
370.310000181198,-87
370.510000228882,-87
370.711000204086,-87
370.914000272751,-86
371.111000061035,-86
371.311000108719,-86
371.512000083923,-86
371.712000131607,-86
371.912999868393,-86
372.115000009537,-86
372.31200003624,-86
372.512000083923,-86
372.713000059128,-86
372.914000272751,-86
373.114000082016,-86
373.315999984741,-86
373.517000198364,-86
373.718000173569,-86
373.918000221252,-86
374.119000196457,-86
374.319999933243,-86
374.520999908447,-83
374.718000173569,-83
374.920000076294,-83
375.120000123978,-83
375.319999933243,-83
375.519999980927,-83
375.72200012207,-82
375.920000076294,-82
376.122000217438,-82
376.322000265121,-82
376.520999908447,-82
376.720999956131,-82
376.922000169754,-86
377.122000217438,-86
377.323000192642,-86
377.523000001907,-86
377.723000049591,-86
377.924000024796,-86
378.128999948502,-87
378.325000286102,-87
378.528000116348,-87
378.725000143051,-87
378.926000118256,-87
379.12700009346,-87
379.326000213623,-86
379.527000188828,-86
379.729000091553,-86
379.928999900818,-86
380.130000114441,-86
380.330000162125,-86
380.530000209808,-86
380.730000257492,-86
380.930000066757,-86
381.130000114441,-86
381.330000162125,-86
381.530000209808,-86
381.732000112534,-86
381.933000326157,-86
382.131000041962,-86
382.332000017166,-86
382.533000230789,-86
382.731000185013,-86
382.930999994278,-86
383.131000041962,-86
383.331000089645,-86
383.531000137329,-86
383.732000112534,-86
383.932000160217,-86
384.131999969482,-86
384.332000017166,-86
384.53200006485,-86
384.735000133514,-86
384.930999994278,-86
385.135000228882,-86
385.332000017166,-86
385.53200006485,-86
385.732000112534,-86
385.932000160217,-86
386.131999969482,-86
386.332000017166,-86
386.53200006485,-84
386.732000112534,-84
386.932000160217,-84
387.131999969482,-84
387.331000089645,-84
387.531000137329,-84
387.731000185013,-85
387.932000160217,-85
388.133000135422,-85
388.335000038147,-85
388.53200006485,-85
388.732000112534,-85
388.932000160217,-83
389.139000177383,-83
389.338000059128,-83
389.538000106812,-83
389.738000154495,-83
389.9390001297,-83
390.140000104904,-83
390.340000152588,-83
390.539000034332,-83
390.739000082016,-83
390.938000202179,-83
391.138000249863,-83
391.338000059128,-83
391.538000106812,-87
391.743999958038,-87
391.94100022316,-87
392.140000104904,-87
392.339000225067,-87
392.539999961853,-87
392.740000009537,-86
392.949000120163,-86
393.147000074387,-86
393.362000226974,-86
393.551000118256,-86
393.753000020981,-86
393.952000141144,-86
394.150000095367,-86
394.350000143051,-86
394.551000118256,-86
394.751000165939,-86
394.950000286102,-86
395.151000022888,-86
395.351000070572,-86
395.551000118256,-86
395.751000165939,-86
395.951000213623,-86
396.151000022888,-86
396.351000070572,-83
396.552000045776,-83
396.751000165939,-83
396.952000141144,-83
397.151999950409,-83
397.354000091553,-83
397.551000118256,-86
397.756000041962,-86
397.959000110626,-86
398.161000013351,-86
398.360000133514,-86
398.55999994278,-86
398.759999990463,-86
398.960000038147,-86
399.160000085831,-86
399.360000133514,-86
399.55999994278,-86
399.759999990463,-86
399.960999965668,-83
400.160000085831,-83
400.360000133514,-83
400.55999994278,-83
400.759999990463,-83
400.960000038147,-83
401.161000013351,-87
401.361000061035,-87
401.5609998703,-87
401.760999917984,-87
401.960999965668,-87
402.161000013351,-87
402.361000061035,-87
402.5609998703,-87
402.762000083923,-87
402.960999965668,-87
403.161000013351,-87
403.361000061035,-87
403.5609998703,-87
403.763000011444,-87
403.963999986649,-87
404.163000106812,-87
404.363000154495,-87
404.563000202179,-87
404.763000011444,-83
404.962000131607,-83
405.162000179291,-83
405.362000226974,-83
405.562000274658,-83
405.765000343323,-83
405.96799993515,-83
406.164000034332,-83
406.364000082016,-83
406.5640001297,-83
406.765000343323,-83
406.96799993515,-83
407.167999982834,-90
407.367000102997,-90
407.570000171661,-90
407.770000219345,-90
407.970000267029,-90
408.170000076294,-90
408.370000123978,-86
408.570000171661,-86
408.770000219345,-86
408.970000267029,-86
409.174000263214,-86
409.374000072479,-86
409.578000068665,-86
409.775000095367,-86
409.976000070572,-86
410.175000190735,-86
410.384999990463,-86
410.576999902725,-86
410.776999950409,-86
410.982000112534,-86
411.177000045776,-86
411.37700009346,-86
411.576999902725,-86
411.776999950409,-86
411.976999998093,-86
412.177000045776,-86
412.37700009346,-86
412.576999902725,-86
412.778000116348,-86
412.981000185013,-86
413.181000232697,-86
413.38100028038,-87
413.581000328064,-87
413.78200006485,-87
413.980000019073,-87
414.181000232697,-87
414.382000207901,-87
414.583000183105,-87
414.797000169754,-87
414.992000102997,-87
415.19000005722,-87
415.390000104904,-87
415.590000152588,-87
415.790000200272,-83
415.992000102997,-83
416.193000078201,-83
416.392999887466,-83
416.59299993515,-83
416.792999982834,-83
416.993000030518,-86
417.193000078201,-86
417.392999887466,-86
417.59299993515,-86
417.792999982834,-86
417.993000030518,-86
418.193000078201,-86
418.397000312805,-86
418.59800028801,-86
418.798000097275,-86
418.998000144958,-86
419.197000265121,-86
419.397000312805,-86
419.624000072479,-86
419.807000160217,-86
420.007000207901,-86
420.207000017166,-86
420.40700006485,-86
420.608000040054,-86
420.818000078201,-86
421.015000104904,-86
421.214000225067,-86
421.414000272751,-86
421.614000082016,-86
421.8140001297,-87
422.013000249863,-87
422.212000131607,-87
422.41300034523,-87
422.613000154495,-87
422.81200003624,-87
423.012000083923,-85
423.212000131607,-85
423.411999940872,-85
423.611999988556,-85
423.81200003624,-85
424.013000249863,-85
424.213000297546,-86
424.41300034523,-86
424.611999988556,-86
424.81200003624,-86
425.012000083923,-86
425.213000297546,-86
425.414000272751,-83
425.614000082016,-83
425.8140001297,-83
426.014000177383,-83
426.214000225067,-83
426.414000272751,-83
426.614000082016,-86
426.813000202179,-86
427.013000249863,-86
427.213000297546,-86
427.414000272751,-86
427.614000082016,-86
427.8140001297,-86
428.014000177383,-86
428.217000007629,-86
428.423000097275,-86
428.619000196457,-86
428.819000005722,-86
429.019000053406,-83
429.228000164032,-83
429.424000024796,-83
429.624000072479,-83
429.824000120163,-83
430.023999929428,-83
430.223999977112,-83
430.423000097275,-83
430.626000165939,-83
430.828000068665,-83
431.023999929428,-83
431.223999977112,-83
431.427000045776,-83
431.624000072479,-83
431.832999944687,-83
432.031000137329,-83
432.231000185013,-83
432.430999994278,-83
432.631000041962,-83
432.831000089645,-82
433.030000209808,-82
433.232000112534,-82
433.434000253677,-82
433.631999969482,-82
433.832000017166,-82
434.03200006485,-86
434.232000112534,-86
434.432000160217,-86
434.631999969482,-86
434.832000017166,-86
435.03200006485,-86
435.232000112534,-87
435.432000160217,-87
435.632999897003,-87
435.832999944687,-87
436.032999992371,-87
436.233000040054,-87
436.434000253677,-85
436.634000062943,-85
436.834000110626,-85
437.03400015831,-85
437.234000205994,-85
437.434000253677,-85
437.637000322342,-82
437.837000131607,-82
438.038000106812,-82
438.237000226974,-82
438.437000274658,-82
438.637000322342,-82
438.837000131607,-86
439.043000221252,-86
439.243000030518,-86
439.443000078201,-86
439.643000125885,-86
439.843000173569,-86
440.042000293732,-86
440.242000102997,-85
440.444000005722,-85
440.644000053406,-85
440.848999977112,-85
441.045000314713,-85
441.243999958038,-85
441.447000026703,-86
441.650000095367,-86
441.848999977112,-86
442.049000024796,-86
442.248000144958,-86
442.448999881744,-86
442.648999929428,-86
442.848999977112,-86
443.050000190735,-86
443.25200009346,-86
443.452000141144,-86
443.651999950409,-86
443.851999998093,-87
444.052000045776,-87
444.251000165939,-87
444.452000141144,-87
444.651000022888,-87
444.854000091553,-87
445.052000045776,-86
445.253000259399,-86
445.463999986649,-86
445.660000085831,-86
445.860000133514,-86
446.061000347137,-86
446.259999990463,-87
446.458000183105,-87
446.658000230789,-87
446.858000278473,-87
447.058000087738,-87
447.258000135422,-87
447.459000110626,-86
447.660000085831,-86
447.860000133514,-86
448.061000347137,-86
448.261000156403,-86
448.462000131607,-86
448.662000179291,-86
448.862000226974,-86
449.062000274658,-86
449.262000083923,-86
449.462000131607,-86
449.66100025177,-86
449.862000226974,-85
450.063000202179,-85
450.264999866486,-85
450.462000131607,-85
450.664000034332,-85
450.862000226974,-85
451.063000202179,-87
451.263999938965,-87
451.463999986649,-87
451.664000034332,-87
451.865000009537,-87
452.06500005722,-87
452.267000198364,-82
452.467000007629,-82
452.669000148773,-82
452.868000030518,-82
453.067000150681,-82
453.267000198364,-82
453.46799993515,-86
453.667999982834,-86
453.871000051498,-86
454.069000244141,-86
454.268000125885,-86
454.470000267029,-86
454.671000003815,-83
454.870000123978,-83
455.070000171661,-83
455.274000167847,-83
455.47400021553,-83
455.674000263214,-83
455.871000051498,-83
456.071000099182,-83
456.271000146866,-83
456.47100019455,-83
456.671999931335,-83
456.871999979019,-83
457.072000026703,-83
457.278000116348,-83
457.475000143051,-83
457.676000118256,-83
457.877000331879,-83
458.077000141144,-83
458.277000188828,-83
458.480999946594,-86
458.679000139236,-86
458.87900018692,-86
459.078999996185,-86
459.279000043869,-86
459.479000091553,-86
459.680000066757,-86
459.894000291824,-86
460.094000101089,-86
460.295000076294,-86
460.496000051498,-86
460.697000026703,-86
460.897000074387,-82
461.095999956131,-82
461.296999931335,-82
461.496999979019,-82
461.697000026703,-82
461.897000074387,-82
462.096999883652,-86
462.296999931335,-86
462.496999979019,-86
462.697000026703,-86
462.897000074387,-86
463.096999883652,-86
463.296999931335,-83
463.498000144958,-83
463.699000120163,-83
463.900000095367,-83
464.10100030899,-83
464.301000356674,-83
464.501000165939,-88
464.72200012207,-88
464.912999868393,-88
465.111999988556,-88
465.31200003624,-88
465.512000083923,-88
465.712000131607,-86
465.911999940872,-86
466.111999988556,-86
466.31200003624,-86
466.512000083923,-86
466.712000131607,-86
466.911999940872,-87
467.112999916077,-87
467.315999984741,-87
467.514000177383,-87
467.715000152588,-87
467.914000272751,-87
468.115000009537,-87
468.31500005722,-87
468.527000188828,-87
468.719000101089,-87
468.919000148773,-87
469.123000144958,-87
469.319000005722,-82
469.519000053406,-82
469.72000002861,-82
469.920000076294,-82
470.120000123978,-82
470.319999933243,-82
470.519999980927,-86
470.72000002861,-86
470.920000076294,-86
471.120000123978,-86
471.319999933243,-86
471.519999980927,-86
471.72000002861,-84
471.920000076294,-84
472.120000123978,-84
472.322000265121,-84
472.519999980927,-84
472.72000002861,-84
472.920000076294,-83
473.120000123978,-83
473.319999933243,-83
473.519999980927,-83
473.72000002861,-83
473.920000076294,-83
474.120000123978,-87
474.319999933243,-87
474.519999980927,-87
474.720999956131,-87
474.922000169754,-87
475.123000144958,-87
475.323000192642,-86
475.523999929428,-86
475.730000257492,-86
475.930000066757,-86
476.130000114441,-86
476.331000089645,-86
476.531000137329,-87
476.731000185013,-87
476.930999994278,-87
477.131999969482,-87
477.332000017166,-87
477.53200006485,-87
477.732000112534,-86
477.933000326157,-86
478.133000135422,-86
478.333000183105,-86
478.533000230789,-86
478.733000278473,-86
478.933000326157,-83
479.133000135422,-83
479.333000183105,-83
479.533000230789,-83
479.733000278473,-83
479.932000160217,-83
480.131999969482,-82
480.338000059128,-82
480.536999940872,-82
480.736999988556,-82
480.93700003624,-82
481.137000083923,-82
481.336999893188,-82
481.539000034332,-83
481.736999988556,-83
481.938000202179,-83
482.138000249863,-83
482.338000059128,-83
482.539000034332,-83
482.739000082016,-86
482.938000202179,-86
483.138000249863,-86
483.338000059128,-86
483.538000106812,-86
483.738000154495,-86
483.938000202179,-86
484.144000053406,-86
484.344000101089,-86
484.542000293732,-86
484.741000175476,-86
484.94100022316,-86
485.142000198364,-86
485.340000152588,-86
485.539999961853,-86
485.741000175476,-86
485.94100022316,-86
486.140000104904,-86
486.342000246048,-83
486.539999961853,-83
486.741000175476,-83
486.94100022316,-83
487.141000270844,-83
487.341000318527,-83
487.539999961853,-87
487.740000009537,-87
487.94100022316,-87
488.141000270844,-87
488.341000318527,-87
488.541000127792,-87
488.741000175476,-83
488.94100022316,-83
489.141000270844,-83
489.342000246048,-83
489.541000127792,-83
489.742000102997,-83
489.942000150681,-83
490.144000053406,-83
490.343000173569,-83
490.543000221252,-83
490.743000030518,-83
490.943000078201,-83
491.143000125885,-83
491.344000101089,-86
491.544000148773,-86
491.743999958038,-86
491.944000005722,-86
492.144000053406,-86
492.344000101089,-86
492.544000148773,-86
492.743999958038,-86
492.944000005722,-86
493.144999980927,-86
493.34700012207,-86
493.547000169754,-86
493.744999885559,-86
493.944999933243,-86
494.146000146866,-86
494.34600019455,-86
494.547000169754,-86
494.747000217438,-86
494.947000026703,-86
495.148000001907,-86
495.34900021553,-86
495.549000263214,-86
495.749000310898,-86
495.949000120163,-86
496.150000095367,-85
496.350000143051,-85
496.550000190735,-85
496.749000310898,-85
496.952000141144,-85
497.151999950409,-85
497.351000070572,-85
497.551000118256,-85
497.751000165939,-85
497.950000286102,-85
498.150000095367,-85
498.350000143051,-85
498.550000190735,-87
498.750000238419,-87
498.950000286102,-87
499.150000095367,-87
499.351999998093,-87
499.552000045776,-87
499.75200009346,-87
499.951000213623,-87
500.151000022888,-87
500.351000070572,-87
500.551000118256,-87
500.751000165939,-87
500.951000213623,-84
501.151000022888,-84
501.351999998093,-84
501.552999973297,-84
501.753000020981,-84
501.953000068665,-84
502.15299987793,-86
502.352999925613,-86
502.555999994278,-86
502.753000020981,-86
502.954000234604,-86
503.154000282288,-86
503.354000091553,-86
503.554000139236,-86
503.762000083923,-86
503.954000234604,-86
504.15299987793,-86
504.352999925613,-86
504.552999973297,-86
504.753000020981,-86
504.953000068665,-86
505.156000137329,-86
505.355999946594,-86
505.557000160217,-86
505.75400018692,-86
505.954000234604,-86
506.154000282288,-86
506.354000091553,-86
506.554000139236,-86
506.753000020981,-86
506.953000068665,-82
507.158000230789,-82
507.354000091553,-82
507.555999994278,-82
507.753000020981,-82
507.953000068665,-82
508.15299987793,-82
508.352999925613,-86
508.552999973297,-86
508.753000020981,-86
508.953000068665,-86
509.154000282288,-86
509.355000019073,-86
509.555999994278,-82
509.756000041962,-82
509.958000183105,-82
510.158000230789,-82
510.358000278473,-82
510.574000120163,-82
510.766000270844,-82
510.963000059128,-82
511.163000106812,-82
511.363000154495,-82
511.5640001297,-82
511.763999938965,-82
511.963999986649,-87
512.164000034332,-87
512.364000082016,-87
512.565000295639,-87
512.766000270844,-87
512.963000059128,-87
513.163000106812,-86
513.363000154495,-86
513.5640001297,-86
513.765000343323,-86
513.967000007629,-86
514.167000055313,-86
514.367000102997,-85
514.567000150681,-85
514.767000198364,-85
514.97100019455,-85
515.167999982834,-85
515.368000030518,-85
515.568000078201,-83
515.768000125885,-83
515.96799993515,-83
516.168999910355,-83
516.378000259399,-83
516.575999975204,-83
516.776000022888,-83
516.97400021553,-83
517.174000263214,-83
517.374000072479,-83
517.574000120163,-83
517.775000095367,-83
517.975000143051,-82
518.176000118256,-82
518.37700009346,-82
518.580000162125,-82
518.779000043869,-82
518.979000091553,-82
519.179000139236,-86
519.388000011444,-86
519.578999996185,-86
519.77999997139,-86
519.979000091553,-86
520.180000066757,-86
520.38100028038,-82
520.581000328064,-82
520.781000137329,-82
520.981000185013,-82
521.181000232697,-82
521.382000207901,-82
521.583000183105,-82
521.78600025177,-82
521.983000040054,-82
522.183000087738,-82
522.384000062943,-82
522.585000038147,-82
522.785000085831,-84
522.984999895096,-84
523.18499994278,-84
523.384999990463,-84
523.590000152588,-84
523.789000272751,-84
523.993000030518,-84
524.192000150681,-82
524.391999959946,-82
524.59299993515,-82
524.792999982834,-82
524.993000030518,-82
525.193000078201,-82
525.392999887466,-86
525.59299993515,-86
525.792999982834,-86
525.993000030518,-86
526.193000078201,-86
526.392999887466,-86
526.592000007629,-86
526.792000055313,-86
526.993000030518,-86
527.192000150681,-86
527.392999887466,-86
527.59700012207,-86
527.796000003815,-83
528.010000228882,-83
528.199000120163,-83
528.402000188828,-83
528.601000070572,-83
528.802000284195,-83
529.003999948502,-87
529.219000101089,-87
529.419000148773,-87
529.619000196457,-87
529.819000005722,-87
530.019000053406,-87
530.219000101089,-86
530.419000148773,-86
530.62700009346,-86
530.823000192642,-86
531.028000116348,-86
531.223000049591,-86
531.423000097275,-86
531.623000144958,-86
531.823000192642,-86
532.026000261307,-86
532.223999977112,-86
532.423000097275,-86
532.624000072479,-82
532.825000047684,-82
533.023999929428,-82
533.224999904633,-82
533.426000118256,-82
533.626000165939,-82
533.825000047684,-86
534.026000261307,-86
534.226999998093,-86
534.427000045776,-86
534.62700009346,-86
534.827000141144,-86
535.03200006485,-85
535.233000040054,-85
535.430000066757,-85
535.62900018692,-85
535.830000162125,-85
536.031000137329,-85
536.231000185013,-86
536.430999994278,-86
536.631999969482,-86
536.831000089645,-86
537.031000137329,-86
537.231000185013,-86
537.432000160217,-86
537.631999969482,-86
537.832999944687,-86
538.032999992371,-86
538.234000205994,-86
538.438000202179,-86
538.637000322342,-85
538.832999944687,-85
539.032999992371,-85
539.234000205994,-85
539.434000253677,-85
539.634000062943,-85
539.835000038147,-85
540.036000013351,-85
540.236000061035,-85
540.436000108719,-85
540.637000322342,-85
540.835999965668,-85
541.037000179291,-83
541.237000226974,-83
541.4390001297,-83
541.638000249863,-83
541.838000059128,-83
542.038000106812,-83
542.238000154495,-83
542.440999984741,-86
542.639000177383,-86
542.839000225067,-86
543.039000034332,-86
543.239000082016,-86
543.44000005722,-86
543.642000198364,-85
543.844000101089,-85
544.043000221252,-85
544.243000030518,-85
544.443000078201,-85
544.643000125885,-85
544.842000246048,-82
545.042000293732,-82
545.243000030518,-82
545.443000078201,-82
545.643000125885,-82
545.843000173569,-82
546.042000293732,-85
546.243999958038,-85
546.448999881744,-85
546.645000219345,-85
546.84600019455,-85
547.047000169754,-85
547.247000217438,-85
547.447000026703,-85
547.647000074387,-85
547.84700012207,-85
548.047000169754,-85
548.250000238419,-85
548.448999881744,-82
548.648999929428,-82
548.848999977112,-82
549.049000024796,-82
549.249000072479,-82
549.450000286102,-82
549.650000095367,-86
549.850000143051,-86
550.050000190735,-86
550.250000238419,-86
550.450000286102,-86
550.650000095367,-86
550.850000143051,-82
551.051000118256,-82
551.251000165939,-82
551.453000307083,-82
551.653000354767,-82
551.851999998093,-82
552.053000211716,-86
552.251000165939,-86
552.451000213623,-86
552.653000354767,-86
552.853000164032,-86
553.053000211716,-86
553.256999969482,-86
553.456000089645,-86
553.654000282288,-86
553.855000019073,-86
554.055000066757,-86
554.255000114441,-86
554.457000017166,-85
554.658000230789,-85
554.856999874115,-85
555.056999921799,-85
555.258000135422,-85
555.455000162125,-85
555.656000137329,-83
555.856999874115,-83
556.056999921799,-83
556.256999969482,-83
556.457000017166,-83
556.65700006485,-83
556.856999874115,-83
557.056999921799,-83
557.258000135422,-83
557.459000110626,-83
557.660000085831,-83
557.860000133514,-83
558.05999994278,-83
558.259000062943,-83
558.459000110626,-83
558.660000085831,-83
558.860000133514,-83
559.059000015259,-83
559.259000062943,-86
559.459000110626,-86
559.65900015831,-86
559.864000082016,-86
560.0640001297,-86
560.262000083923,-86
560.470000267029,-86
560.663000106812,-86
560.861000299454,-86
561.061000347137,-86
561.264999866486,-86
561.463999986649,-86
561.664000034332,-86
561.863000154495,-83
562.063000202179,-83
562.263000011444,-83
562.463000059128,-83
562.662000179291,-83
562.862000226974,-83
563.0640001297,-86
563.266000270844,-86
563.469000339508,-86
563.667999982834,-86
563.870000123978,-86
564.070000171661,-86
564.268000125885,-86
564.46799993515,-86
564.670000076294,-86
564.871000051498,-86
565.069000244141,-86
565.269000291824,-86
565.46799993515,-87
565.667999982834,-87
565.868000030518,-87
566.068000078201,-87
566.269000291824,-87
566.469000339508,-87
566.667999982834,-83
566.869000196457,-83
567.069000244141,-83
567.269000291824,-83
567.469000339508,-83
567.667999982834,-83
567.868000030518,-83
568.068000078201,-83
568.269000291824,-83
568.469000339508,-83
568.682000160217,-83
568.880000114441,-83
569.078999996185,-83
569.290000200272,-83
569.488000154495,-83
569.68700003624,-83
569.884000062943,-83
570.086000204086,-83
570.28600025177,-82
570.493000268936,-82
570.69100022316,-82
570.891000032425,-82
571.091000080109,-82
571.291000127792,-82
571.492000102997,-82
571.69300031662,-82
571.893000125885,-82
572.093000173569,-82
572.293000221252,-82
572.493000268936,-82
572.69300031662,-82
572.893000125885,-82
573.093000173569,-82
573.293000221252,-82
573.493000268936,-82
573.69300031662,-82
573.894000291824,-82
574.095999956131,-83
574.296999931335,-83
574.496999979019,-83
574.697000026703,-83
574.897000074387,-83
575.096999883652,-83
575.296999931335,-86
575.496999979019,-86
575.697000026703,-86
575.897000074387,-86
576.096999883652,-86
576.296999931335,-86
576.496000051498,-87
576.697000026703,-87
576.897000074387,-87
577.096999883652,-87
577.299000024796,-87
577.5,-87
577.701000213623,-85
577.900000095367,-85
578.10100030899,-85
578.302000284195,-85
578.503000020981,-85
578.703000068665,-85
578.903000116348,-85
579.103000164032,-85
579.304000139236,-85
579.507000207901,-85
579.707999944687,-85
579.910000085831,-85
580.109000205994,-86
580.319999933243,-86
580.508000135422,-86
580.707999944687,-86
580.907999992371,-86
581.109000205994,-86
581.309000253677,-86
581.509000301361,-86
581.709000349045,-86
581.90900015831,-86
582.109000205994,-86
582.309000253677,-86
582.509000301361,-86
582.709000349045,-86
582.90900015831,-86
583.109000205994,-86
583.310000181198,-86
583.510000228882,-86
583.710000276566,-82
583.910000085831,-82
584.109000205994,-82
584.309000253677,-82
584.510000228882,-82
584.711000204086,-82
584.911999940872,-86
585.111999988556,-86
585.31200003624,-86
585.512000083923,-86
585.713000059128,-86
585.912999868393,-86
586.112999916077,-86
586.31299996376,-86
586.513000011444,-86
586.713000059128,-86
586.911999940872,-86
587.111999988556,-86
587.31200003624,-83
587.512000083923,-83
587.712000131607,-83
587.912999868393,-83
588.114000082016,-83
588.31500005722,-83
588.517000198364,-83
588.717000246048,-82
588.917000293732,-82
589.117000341415,-82
589.319000005722,-82
589.538000106812,-82
589.726000070572,-82
589.927999973297,-82
590.126000165939,-82
590.325000286102,-82
590.525000333786,-82
590.729000091553,-82
590.927999973297,-82
591.128999948502,-87
591.328000068665,-87
591.528000116348,-87
591.728000164032,-87
591.927999973297,-87
592.128999948502,-87
592.327000141144,-86
592.527000188828,-86
592.728000164032,-86
592.927999973297,-86
593.128999948502,-86
593.331000089645,-86
593.53200006485,-86
593.731000185013,-86
593.930999994278,-86
594.128999948502,-86
594.330000162125,-86
594.530000209808,-86
594.747000217438,-86
594.935000181198,-86
595.135000228882,-86
595.339000225067,-86
595.536000013351,-86
595.735000133514,-86
595.938000202179,-82
596.141000270844,-82
596.338000059128,-82
596.539000034332,-82
596.740000009537,-82
596.94100022316,-82
597.141000270844,-86
597.341000318527,-86
597.541000127792,-86
597.742000102997,-86
597.94100022316,-86
598.141000270844,-86
598.341000318527,-86
598.541000127792,-86
598.741000175476,-86
598.94100022316,-86
599.141000270844,-86
599.341000318527,-86
599.541000127792,-86
599.741000175476,-86
599.943000078201,-86
600.143000125885,-86
600.344000101089,-86
600.545000076294,-86
600.746000289917,-87
600.962000131607,-87
601.15900015831,-87
601.359000205994,-87
601.55999994278,-87
601.759000062943,-87
601.959000110626,-87
602.15900015831,-87
602.359000205994,-87
602.559000015259,-87
602.763000011444,-87
602.960000038147,-87
603.160000085831,-87
603.361000061035,-87
603.563000202179,-87
603.763000011444,-87
603.963999986649,-87
604.165000200272,-87
604.367000102997,-86
604.56600022316,-86
604.766000270844,-86
604.967000007629,-86
605.167000055313,-86
605.367000102997,-86
605.567000150681,-82
605.767000198364,-82
605.967000007629,-82
606.167000055313,-82
606.367000102997,-82
606.56600022316,-82
606.766000270844,-83
606.967000007629,-83
607.167000055313,-83
607.367000102997,-83
607.567000150681,-83
607.767000198364,-83
607.967000007629,-86
608.167000055313,-86
608.367000102997,-86
608.568000078201,-86
608.768000125885,-86
608.96799993515,-86
609.167999982834,-82
609.371999979019,-82
609.569000005722,-82
609.767000198364,-82
609.970000267029,-82
610.167999982834,-82
610.368999958038,-82
610.570000171661,-86
610.776000022888,-86
610.976999998093,-86
611.176000118256,-86
611.375999927521,-86
611.578999996185,-86
611.778000116348,-83
