x, y
0.5,-62.209119914512
0.51,-62.3489784859791
0.52,-62.4861211846717
0.53,-62.6206514819794
0.54,-62.7526670464625
0.55,-62.8822601698094
0.56,-63.0095181544134
0.57,-63.1345236666452
0.58,-63.2573550594006
0.59,-63.3780866670764
0.6,-63.4967890757544
0.61,-63.613529371053
0.62,-63.728371365826
0.63,-63.8413758096419
0.64,-63.9526005817682
0.65,-64.0621008691921
0.66,-64.1699293310517
0.67,-64.2761362507016
0.68,-64.3807696765134
0.69,-64.4838755523974
0.7,-64.5854978389338
0.71,-64.6856786259115
0.72,-64.7844582369967
0.73,-64.8818753271818
0.74,-64.9779669736053
0.75,-65.0727687602748
0.76,-65.1663148571795
0.77,-65.2586380942312
0.78,-65.3497700304344
0.79,-65.4397410186506
0.8,-65.5285802662886
0.81,-65.6163158922252
0.82,-65.7029749802338
0.83,-65.788583629174
0.84,-65.8731670001762
0.85,-65.9567493610338
0.86,-66.0393541279992
0.87,-66.1210039051634
0.88,-66.2017205215859
0.89,-66.281525066326
0.9,-66.3604379215171
0.91,-66.4384787936139
0.92,-66.5156667429317
0.93,-66.5920202115887
0.94,-66.6675570499549
0.95,-66.7422945416999
0.96,-66.8162494275309
0.97,-66.8894379276998
0.98,-66.9618757633557
0.99,-67.0335781768145
1,-67.104559950809
1.01,-67.1748354267817
1.02,-67.2444185222761
1.03,-67.3133227474799
1.04,-67.3815612209687
1.05,-67.4491466846966
1.06,-67.5160915182764
1.07,-67.5824077525888
1.08,-67.6481070827595
1.09,-67.7132008805369
1.1,-67.7777002061064
1.11,-67.8416158193681
1.12,-67.9049581907104
1.13,-67.967737511304
1.14,-68.0299637029422
1.15,-68.0916464274521
1.16,-68.1527950956976
1.17,-68.2134188761972
1.18,-68.2735267033734
1.19,-68.3331272854556
1.2,-68.3922291120514
1.21,-68.4508404614037
1.22,-68.50896940735
1.23,-68.5666238259966
1.24,-68.623811402123
1.25,-68.6805396353294
1.26,-68.7368158459389
1.27,-68.7926471806664
1.28,-68.8480406180652
1.29,-68.9030029737619
1.3,-68.9575409054891
1.31,-69.0116609179248
1.32,-69.0653693673487
1.33,-69.1186724661217
1.34,-69.1715762869986
1.35,-69.2240867672799
1.36,-69.2762097128104
1.37,-69.3279508018317
1.38,-69.3793155886944
1.39,-69.430309507436
1.4,-69.4809378752308
1.41,-69.5312058957176
1.42,-69.5811186622086
1.43,-69.6306811607864
1.44,-69.6798982732937
1.45,-69.7287747802181
1.46,-69.7773153634788
1.47,-69.8255246091184
1.48,-69.8734070099023
1.49,-69.9209669678316
1.5,-69.9682087965718
1.51,-70.0151367238001
1.52,-70.0617548934765
1.53,-70.1080673680389
1.54,-70.1540781305282
1.55,-70.1997910866434
1.56,-70.2452100667314
1.57,-70.2903388277131
1.58,-70.3351810549476
1.59,-70.3797403640392
1.6,-70.4240203025856
1.61,-70.4680243518739
1.62,-70.5117559285222
1.63,-70.555218386072
1.64,-70.5984150165308
1.65,-70.6413490518691
1.66,-70.684023665471
1.67,-70.7264419735417
1.68,-70.7686070364732
1.69,-70.8105218601692
1.7,-70.8521893973308
1.71,-70.893612548705
1.72,-70.9347941642962
1.73,-70.9757370445428
1.74,-71.0164439414604
1.75,-71.0569175597513
1.76,-71.0971605578829
1.77,-71.1371755491362
1.78,-71.176965102623
1.79,-71.2165317442768
1.8,-71.2558779578141
1.81,-71.2950061856707
1.82,-71.3339188299109
1.83,-71.3726182531128
1.84,-71.4111067792287
1.85,-71.4493866944227
1.86,-71.4874602478857
1.87,-71.5253296526281
1.88,-71.5629970862519
1.89,-71.6004646917017
1.9,-71.6377345779969
1.91,-71.6748088209434
1.92,-71.711689463828
1.93,-71.7483785180932
1.94,-71.7848779639968
1.95,-71.8211897512519
1.96,-71.8573157996527
1.97,-71.8932579996833
1.98,-71.9290182131115
1.99,-71.9645982735669
2,-71.999999987106
2.01,-72.0352251327614
2.02,-72.0702754630787
2.03,-72.1051527046399
2.04,-72.1398585585732
2.05,-72.1743947010512
2.06,-72.2087627837769
2.07,-72.2429644344572
2.08,-72.2770012572657
2.09,-72.3108748332942
2.1,-72.3445867209936
2.11,-72.3781384566036
2.12,-72.4115315545734
2.13,-72.4447675079713
2.14,-72.4778477888858
2.15,-72.5107738488166
2.16,-72.5435471190565
2.17,-72.5761690110652
2.18,-72.6086409168339
2.19,-72.6409642092416
2.2,-72.6731402424034
2.21,-72.7051703520109
2.22,-72.7370558556651
2.23,-72.7687980532013
2.24,-72.8003982270074
2.25,-72.8318576423345
2.26,-72.863177547601
2.27,-72.8943591746899
2.28,-72.9254037392392
2.29,-72.9563124409271
2.3,-72.9870864637491
2.31,-73.0177269762909
2.32,-73.0482351319946
2.33,-73.0786120694189
2.34,-73.1088589124942
2.35,-73.1389767707723
2.36,-73.1689667396704
2.37,-73.1988299007104
2.38,-73.2285673217526
2.39,-73.2581800572252
2.4,-73.2876691483484
2.41,-73.3170356233539
2.42,-73.3462804977007
2.43,-73.375404774285
2.44,-73.404409443647
2.45,-73.4332954841731
2.46,-73.4620638622936
2.47,-73.490715532677
2.48,-73.51925143842
2.49,-73.5476725112337
2.5,-73.5759796716264
2.51,-73.6041738290821
2.52,-73.6322558822359
2.53,-73.6602267190464
2.54,-73.6880872169634
2.55,-73.7158382430936
2.56,-73.7434806543622
2.57,-73.771015297672
2.58,-73.7984430100589
2.59,-73.8257646188445
2.6,-73.8529809417861
2.61,-73.8800927872232
2.62,-73.9071009542218
2.63,-73.9340062327159
2.64,-73.9608094036457
2.65,-73.9875112390938
2.66,-74.0141125024187
2.67,-74.0406139483858
2.68,-74.0670163232956
2.69,-74.0933203651103
2.7,-74.1195268035769
2.71,-74.1456363603494
2.72,-74.1716497491074
2.73,-74.1975676756737
2.74,-74.2233908381287
2.75,-74.2491199269238
2.76,-74.2747556249914
2.77,-74.3002986078545
2.78,-74.325749543733
2.79,-74.3511090936485
2.8,-74.3763779115278
2.81,-74.4015566443038
2.82,-74.4266459320146
2.83,-74.4516464079018
2.84,-74.4765586985056
2.85,-74.5013834237596
2.86,-74.5261211970834
2.87,-74.550772625473
2.88,-74.5753383095907
2.89,-74.5998188438526
2.9,-74.6242148165151
2.91,-74.6485268097595
2.92,-74.6727553997758
2.93,-74.6969011568441
2.94,-74.7209646454154
2.95,-74.7449464241908
2.96,-74.7688470461993
2.97,-74.7926670588742
2.98,-74.8164070041286
2.99,-74.8400674184292
3,-74.8636488328688
3.01,-74.8871517732384
3.02,-74.9105767600971
3.03,-74.9339243088415
3.04,-74.9571949297735
3.05,-74.9803891281674
3.06,-75.0035074043359
3.07,-75.0265502536944
3.08,-75.0495181668252
3.09,-75.0724116295397
3.1,-75.0952311229404
3.11,-75.1179771234815
3.12,-75.1406501030284
3.13,-75.1632505289168
3.14,-75.1857788640101
3.15,-75.2082355667564
3.16,-75.2306210912446
3.17,-75.2529358872596
3.18,-75.2751804003362
3.19,-75.2973550718124
3.2,-75.3194603388826
3.21,-75.3414966346486
3.22,-75.3634643881709
3.23,-75.3853640245187
3.24,-75.4071959648192
3.25,-75.4289606263065
3.26,-75.450658422369
3.27,-75.4722897625967
3.28,-75.4938550528278
3.29,-75.5153546951941
3.3,-75.5367890881661
3.31,-75.5581586265974
3.32,-75.579463701768
3.33,-75.6007047014278
3.34,-75.6218820098387
3.35,-75.642996007816
3.36,-75.6640470727702
3.37,-75.6850355787467
3.38,-75.7059618964662
3.39,-75.7268263933638
3.4,-75.7476294336278
3.41,-75.7683713782377
3.42,-75.789052585002
3.43,-75.8096734085949
3.44,-75.8302342005932
3.45,-75.8507353095118
3.46,-75.8711770808398
3.47,-75.8915598570747
3.48,-75.9118839777574
3.49,-75.9321497795057
3.5,-75.9523575960483
3.51,-75.972507758257
3.52,-75.9926005941799
3.53,-76.0126364290734
3.54,-76.0326155854332
3.55,-76.052538383026
3.56,-76.07240513892
3.57,-76.0922161675154
3.58,-76.1119717805738
3.59,-76.131672287248
3.6,-76.1513179941111
3.61,-76.1709092051848
3.62,-76.1904462219677
3.63,-76.2099293434635
3.64,-76.2293588662079
3.65,-76.2487350842963
3.66,-76.2680582894098
3.67,-76.2873287708422
3.68,-76.3065468155257
3.69,-76.3257127080563
3.7,-76.3448267307197
3.71,-76.3638891635156
3.72,-76.3829002841827
3.73,-76.4018603682229
3.74,-76.4207696889251
3.75,-76.4396285173892
3.76,-76.4584371225489
3.77,-76.4771957711951
3.78,-76.4959047279987
3.79,-76.5145642555325
3.8,-76.5331746142939
3.81,-76.5517360627262
3.82,-76.5702488572404
3.83,-76.5887132522367
3.84,-76.607129500125
3.85,-76.6254978513456
3.86,-76.6438185543903
3.87,-76.6620918558217
3.88,-76.6803180002938
3.89,-76.6984972305712
3.9,-76.7166297875489
3.91,-76.7347159102709
3.92,-76.7527558359497
3.93,-76.7707497999846
3.94,-76.7886980359803
3.95,-76.806600775765
3.96,-76.8244582494085
3.97,-76.8422706852395
3.98,-76.860038309864
3.99,-76.8777613481815
4,-76.895440023403
4.01,-76.9130745570675
4.02,-76.9306651690584
4.03,-76.9482120776205
4.04,-76.9657154993757
4.05,-76.9831756493396
4.06,-77.0005927409369
4.07,-77.0179669860171
4.08,-77.0352985948701
4.09,-77.0525877762418
4.1,-77.0698347373482
4.11,-77.0870396838915
4.12,-77.1042028200739
4.13,-77.1213243486127
4.14,-77.1384044707542
4.15,-77.1554433862884
4.16,-77.1724412935627
4.17,-77.1893983894957
4.18,-77.2063148695912
4.19,-77.2231909279515
4.2,-77.2400267572906
4.21,-77.2568225489479
4.22,-77.2735784929006
4.23,-77.2902947777774
4.24,-77.3069715908704
4.25,-77.3236091181482
4.26,-77.3402075442683
4.27,-77.3567670525893
4.28,-77.3732878251828
4.29,-77.3897700428462
4.3,-77.4062138851136
4.31,-77.4226195302681
4.32,-77.4389871553535
4.33,-77.4553169361852
4.34,-77.4716090473622
4.35,-77.4878636622778
4.36,-77.5040809531309
4.37,-77.520261090937
4.38,-77.5364042455386
4.39,-77.5525105856166
4.4,-77.5685802787004
4.41,-77.5846134911782
4.42,-77.6006103883079
4.43,-77.6165711342268
4.44,-77.6324958919621
4.45,-77.6483848234404
4.46,-77.6642380894983
4.47,-77.6800558498914
4.48,-77.6958382633044
4.49,-77.7115854873607
4.5,-77.7272976786315
4.51,-77.7429749926456
4.52,-77.758617583898
4.53,-77.7742256058599
4.54,-77.7897992109869
4.55,-77.8053385507283
4.56,-77.8208437755362
4.57,-77.8363150348738
4.58,-77.8517524772241
4.59,-77.8671562500987
4.6,-77.8825265000461
4.61,-77.8978633726601
4.62,-77.9131670125879
4.63,-77.9284375635388
4.64,-77.9436751682916
4.65,-77.9588799687032
4.66,-77.9740521057159
4.67,-77.9891917193661
4.68,-78.0042989487912
4.69,-78.0193739322379
4.7,-78.0344168070693
4.71,-78.0494277097728
4.72,-78.0644067759674
4.73,-78.0793541404109
4.74,-78.0942699370074
4.75,-78.1091542988143
4.76,-78.1240073580496
4.77,-78.1388292460989
4.78,-78.1536200935222
4.79,-78.1683800300611
4.8,-78.1831091846454
4.81,-78.1978076853998
4.82,-78.2124756596509
4.83,-78.2271132339337
4.84,-78.2417205339977
4.85,-78.2562976848142
4.86,-78.270844810582
4.87,-78.2853620347341
4.88,-78.299849479944
4.89,-78.3143072681317
4.9,-78.3287355204701
4.91,-78.3431343573908
4.92,-78.3575038985906
4.93,-78.3718442630368
4.94,-78.386155568974
4.95,-78.4004379339289
4.96,-78.414691474717
4.97,-78.4289163074478
4.98,-78.4431125475307
4.99,-78.4572803096807
5,-78.4714197079234
5.01,-78.4855308556014
5.02,-78.4996138653791
5.03,-78.5136688492481
5.04,-78.527695918533
5.05,-78.5416951838962
5.06,-78.5556667553434
5.07,-78.5696107422289
5.08,-78.5835272532604
5.09,-78.5974163965043
5.1,-78.6112782793906
5.11,-78.6251130087181
5.12,-78.6389206906592
5.13,-78.6527014307648
5.14,-78.666455333969
5.15,-78.6801825045943
5.16,-78.6938830463559
5.17,-78.7075570623666
5.18,-78.7212046551415
5.19,-78.7348259266026
5.2,-78.7484209780831
5.21,-78.7619899103324
5.22,-78.7755328235202
5.23,-78.789049817241
5.24,-78.8025409905188
5.25,-78.816006441811
5.26,-78.8294462690129
5.27,-78.8428605694622
5.28,-78.8562494399427
5.29,-78.8696129766891
5.3,-78.8829512753908
5.31,-78.8962644311959
5.32,-78.9095525387157
5.33,-78.9228156920283
5.34,-78.9360539846828
5.35,-78.9492675097033
5.36,-78.9624563595926
5.37,-78.9756206263365
5.38,-78.9887604014073
5.39,-79.0018757757674
5.4,-79.0149668398739
5.41,-79.0280336836814
5.42,-79.0410763966463
5.43,-79.0540950677305
5.44,-79.0670897854044
5.45,-79.0800606376513
5.46,-79.0930077119707
5.47,-79.1059310953814
5.48,-79.1188308744257
5.49,-79.1317071351725
5.5,-79.1445599632208
5.51,-79.1573894437029
5.52,-79.1701956612884
5.53,-79.1829787001869
5.54,-79.1957386441515
5.55,-79.2084755764825
5.56,-79.22118958003
5.57,-79.2338807371976
5.58,-79.2465491299455
5.59,-79.2591948397937
5.6,-79.2718179478248
5.61,-79.2844185346879
5.62,-79.2969966806008
5.63,-79.3095524653536
5.64,-79.3220859683116
5.65,-79.3345972684184
5.66,-79.3470864441988
5.67,-79.3595535737615
5.68,-79.3719987348026
5.69,-79.384422004608
5.7,-79.3968234600567
5.71,-79.4092031776231
5.72,-79.4215612333804
5.73,-79.4338977030032
5.74,-79.44621266177
5.75,-79.4585061845665
5.76,-79.4707783458877
5.77,-79.4830292198412
5.78,-79.4952588801496
5.79,-79.507467400153
5.8,-79.5196548528121
5.81,-79.5318213107102
5.82,-79.5439668460565
5.83,-79.5560915306881
5.84,-79.5681954360728
5.85,-79.5802786333116
5.86,-79.5923411931411
5.87,-79.6043831859362
5.88,-79.6164046817124
5.89,-79.6284057501283
5.9,-79.6403864604878
5.91,-79.6523468817431
5.92,-79.6642870824963
5.93,-79.6762071310024
5.94,-79.6881070951712
5.95,-79.69998704257
5.96,-79.7118470404256
5.97,-79.7236871556267
5.98,-79.7355074547261
5.99,-79.7473080039432
6,-79.7590888691658
6.01,-79.7708501159526
6.02,-79.7825918095354
6.03,-79.7943140148212
6.04,-79.8060167963941
6.05,-79.8177002185181
6.06,-79.8293643451385
6.07,-79.8410092398843
6.08,-79.8526349660705
6.09,-79.8642415866996
6.1,-79.8758291644644
6.11,-79.8873977617494
6.12,-79.8989474406329
6.13,-79.9104782628895
6.14,-79.9219902899914
6.15,-79.933483583111
6.16,-79.9449582031222
6.17,-79.9564142106029
6.18,-79.9678516658367
6.19,-79.9792706288146
6.2,-79.9906711592374
6.21,-80.0020533165169
6.22,-80.0134171597785
6.23,-80.0247627478623
6.24,-80.0360901393254
6.25,-80.0473993924439
6.26,-80.0586905652138
6.27,-80.069963715354
6.28,-80.0812189003071
6.29,-80.0924561772415
6.3,-80.1036756030534
6.31,-80.114877234368
6.32,-80.1260611275416
6.33,-80.1372273386634
6.34,-80.1483759235566
6.35,-80.1595069377808
6.36,-80.1706204366331
6.37,-80.1817164751502
6.38,-80.1927951081094
6.39,-80.2038563900311
6.4,-80.2149003751796
6.41,-80.2259271175652
6.42,-80.2369366709456
6.43,-80.2479290888274
6.44,-80.2589044244679
6.45,-80.2698627308763
6.46,-80.2808040608157
6.47,-80.291728466804
6.48,-80.3026360011162
6.49,-80.3135267157852
6.5,-80.3244006626035
6.51,-80.335257893125
6.52,-80.346098458666
6.53,-80.3569224103069
6.54,-80.3677297988937
6.55,-80.3785206750393
6.56,-80.3892950891248
6.57,-80.4000530913014
6.58,-80.4107947314911
6.59,-80.4215200593888
6.6,-80.4322291244631
6.61,-80.4429219759581
6.62,-80.4535986628944
6.63,-80.4642592340706
6.64,-80.474903738065
6.65,-80.4855322232361
6.66,-80.4961447377248
6.67,-80.5067413294551
6.68,-80.5173220461357
6.69,-80.5278869352611
6.7,-80.538436044113
6.71,-80.5489694197618
6.72,-80.5594871090672
6.73,-80.5699891586801
6.74,-80.5804756150437
6.75,-80.5909465243943
6.76,-80.6014019327632
6.77,-80.6118418859773
6.78,-80.6222664296608
6.79,-80.632675609236
6.8,-80.6430694699248
6.81,-80.6534480567496
6.82,-80.6638114145347
6.83,-80.6741595879074
6.84,-80.684492621299
6.85,-80.6948105589462
6.86,-80.7051134448919
6.87,-80.7154013229868
6.88,-80.7256742368902
6.89,-80.7359322300709
6.9,-80.7461753458088
6.91,-80.7564036271959
6.92,-80.7666171171368
6.93,-80.7768158583507
6.94,-80.7869998933717
6.95,-80.7971692645504
6.96,-80.8073240140544
6.97,-80.81746418387
6.98,-80.8275898158028
6.99,-80.8377009514787
7,-80.8477976323452
7.01,-80.8578798996725
7.02,-80.867947794554
7.03,-80.8780013579076
7.04,-80.888040630477
7.05,-80.898065652832
7.06,-80.9080764653704
7.07,-80.918073108318
7.08,-80.9280556217302
7.09,-80.9380240454928
7.1,-80.947978419323
7.11,-80.9579187827702
7.12,-80.967845175217
7.13,-80.9777576358805
7.14,-80.9876562038124
7.15,-80.9975409179008
7.16,-81.0074118168708
7.17,-81.017268939285
7.18,-81.027112323545
7.19,-81.0369420078922
7.2,-81.0467580304081
7.21,-81.0565604290161
7.22,-81.0663492414818
7.23,-81.0761245054137
7.24,-81.0858862582647
7.25,-81.0956345373325
7.26,-81.1053693797605
7.27,-81.1150908225388
7.28,-81.1247989025049
7.29,-81.1344936563448
7.3,-81.1441751205933
7.31,-81.1538433316354
7.32,-81.1634983257068
7.33,-81.1731401388948
7.34,-81.1827688071392
7.35,-81.1923843662328
7.36,-81.2019868518227
7.37,-81.2115762994104
7.38,-81.2211527443533
7.39,-81.2307162218652
7.4,-81.2402667670167
7.41,-81.2498044147367
7.42,-81.2593291998126
7.43,-81.2688411568913
7.44,-81.2783403204797
7.45,-81.287826724946
7.46,-81.2973004045199
7.47,-81.3067613932935
7.48,-81.3162097252222
7.49,-81.3256454341251
7.5,-81.3350685536862
7.51,-81.3444791174547
7.52,-81.3538771588459
7.53,-81.3632627111418
7.54,-81.3726358074921
7.55,-81.3819964809146
7.56,-81.3913447642957
7.57,-81.4006806903919
7.58,-81.4100042918295
7.59,-81.4193156011062
7.6,-81.4286146505909
7.61,-81.4379014725251
7.62,-81.4471760990232
7.63,-81.4564385620732
7.64,-81.4656888935374
7.65,-81.4749271251533
7.66,-81.4841532885337
7.67,-81.4933674151679
7.68,-81.502569536422
7.69,-81.5117596835396
7.7,-81.5209378876426
7.71,-81.5301041797318
7.72,-81.5392585906873
7.73,-81.5484011512692
7.74,-81.5575318921187
7.75,-81.5666508437578
7.76,-81.5757580365908
7.77,-81.5848535009043
7.78,-81.5939372668682
7.79,-81.6030093645361
7.8,-81.6120698238459
7.81,-81.6211186746203
7.82,-81.6301559465679
7.83,-81.6391816692829
7.84,-81.6481958722467
7.85,-81.6571985848275
7.86,-81.6661898362816
7.87,-81.6751696557537
7.88,-81.6841380722773
7.89,-81.6930951147757
7.9,-81.7020408120621
7.91,-81.7109751928403
7.92,-81.7198982857055
7.93,-81.7288101191445
7.94,-81.7377107215365
7.95,-81.7466001211536
7.96,-81.755478346161
7.97,-81.764345424618
7.98,-81.7732013844785
7.99,-81.7820462535911
8,-81.7908800597
8.01,-81.7997028304456
8.02,-81.8085145933645
8.03,-81.8173153758906
8.04,-81.8261052053554
8.05,-81.8348841089883
8.06,-81.8436521139175
8.07,-81.85240924717
8.08,-81.8611555356727
8.09,-81.8698910062525
8.1,-81.8786156856366
8.11,-81.8873296004538
8.12,-81.8960327772339
8.13,-81.9047252424091
8.14,-81.9134070223141
8.15,-81.9220781431864
8.16,-81.9307386311671
8.17,-81.9393885123014
8.18,-81.9480278125388
8.19,-81.9566565577334
8.2,-81.9652747736452
8.21,-81.9738824859396
8.22,-81.9824797201885
8.23,-81.9910665018703
8.24,-81.9996428563709
8.25,-82.0082088089835
8.26,-82.0167643849097
8.27,-82.0253096092592
8.28,-82.0338445070512
8.29,-82.0423691032138
8.3,-82.0508834225854
8.31,-82.0593874899143
8.32,-82.0678813298597
8.33,-82.0763649669919
8.34,-82.0848384257927
8.35,-82.0933017306561
8.36,-82.1017549058882
8.37,-82.1101979757083
8.38,-82.1186309642485
8.39,-82.1270538955549
8.4,-82.1354667935876
8.41,-82.1438696822211
8.42,-82.1522625852449
8.43,-82.1606455263636
8.44,-82.1690185291976
8.45,-82.1773816172836
8.46,-82.1857348140744
8.47,-82.1940781429399
8.48,-82.2024116271674
8.49,-82.2107352899615
8.5,-82.2190491544452
8.51,-82.2273532436598
8.52,-82.2356475805653
8.53,-82.2439321880412
8.54,-82.2522070888863
8.55,-82.2604723058194
8.56,-82.2687278614798
8.57,-82.2769737784274
8.58,-82.2852100791432
8.59,-82.2934367860295
8.6,-82.3016539214106
8.61,-82.3098615075328
8.62,-82.3180595665651
8.63,-82.3262481205993
8.64,-82.3344271916505
8.65,-82.3425968016572
8.66,-82.3507569724822
8.67,-82.3589077259123
8.68,-82.3670490836592
8.69,-82.3751810673594
8.7,-82.3833036985748
8.71,-82.3914169987931
8.72,-82.3995209894279
8.73,-82.4076156918193
8.74,-82.415701127234
8.75,-82.4237773168657
8.76,-82.4318442818356
8.77,-82.4399020431926
8.78,-82.4479506219136
8.79,-82.4559900389039
8.8,-82.4640203149974
8.81,-82.472041470957
8.82,-82.4800535274752
8.83,-82.4880565051738
8.84,-82.4960504246049
8.85,-82.5040353062506
8.86,-82.5120111705238
8.87,-82.5199780377683
8.88,-82.5279359282591
8.89,-82.5358848622026
8.9,-82.5438248597374
8.91,-82.551755940934
8.92,-82.5596781257953
8.93,-82.5675914342572
8.94,-82.5754958861884
8.95,-82.5833915013912
8.96,-82.5912782996014
8.97,-82.5991563004889
8.98,-82.6070255236577
8.99,-82.6148859886464
9,-82.6227377149285
9.01,-82.6305807219126
9.02,-82.6384150289426
9.03,-82.6462406552982
9.04,-82.654057620195
9.05,-82.6618659427851
9.06,-82.6696656421569
9.07,-82.6774567373357
9.08,-82.6852392472839
9.09,-82.6930131909013
9.1,-82.7007785870253
9.11,-82.7085354544315
9.12,-82.7162838118333
9.13,-82.7240236778827
9.14,-82.7317550711708
9.15,-82.7394780102272
9.16,-82.7471925135211
9.17,-82.7548985994611
9.18,-82.7625962863957
9.19,-82.7702855926134
9.2,-82.7779665363431
9.21,-82.7856391357542
9.22,-82.7933034089571
9.23,-82.8009593740031
9.24,-82.808607048885
9.25,-82.8162464515371
9.26,-82.8238775998358
9.27,-82.8315005115994
9.28,-82.8391152045887
9.29,-82.8467216965068
9.3,-82.8543200050001
9.31,-82.861910147658
9.32,-82.8694921420129
9.33,-82.8770660055413
9.34,-82.8846317556631
9.35,-82.8921894097426
9.36,-82.8997389850882
9.37,-82.907280498953
9.38,-82.9148139685349
9.39,-82.9223394109766
9.4,-82.9298568433663
9.41,-82.9373662827376
9.42,-82.9448677460698
9.43,-82.9523612502883
9.44,-82.9598468122644
9.45,-82.9673244488161
9.46,-82.9747941767079
9.47,-82.9822560126512
9.48,-82.9897099733044
9.49,-82.9971560752733
9.5,-83.0045943351113
9.51,-83.0120247693194
9.52,-83.0194473943466
9.53,-83.0268622265903
9.54,-83.0342692823959
9.55,-83.0416685780579
9.56,-83.0490601298192
9.57,-83.0564439538722
9.58,-83.0638200663581
9.59,-83.071188483368
9.6,-83.0785492209424
9.61,-83.0859022950718
9.62,-83.0932477216968
9.63,-83.1005855167084
9.64,-83.1079156959479
9.65,-83.1152382752077
9.66,-83.1225532702307
9.67,-83.1298606967111
9.68,-83.1371605702947
9.69,-83.1444529065784
9.7,-83.1517377211112
9.71,-83.1590150293937
9.72,-83.166284846879
9.73,-83.1735471889722
9.74,-83.1808020710311
9.75,-83.1880495083663
9.76,-83.195289516241
9.77,-83.2025221098719
9.78,-83.2097473044287
9.79,-83.2169651150348
9.8,-83.2241755567671
9.81,-83.2313786446565
9.82,-83.2385743936878
9.83,-83.2457628188003
9.84,-83.2529439348876
9.85,-83.2601177567977
9.86,-83.2672842993339
9.87,-83.2744435772539
9.88,-83.281595605271
9.89,-83.2887403980536
9.9,-83.2958779702259
9.91,-83.3030083363675
9.92,-83.310131511014
9.93,-83.3172475086571
9.94,-83.3243563437448
9.95,-83.3314580306814
9.96,-83.3385525838277
9.97,-83.3456400175016
9.98,-83.3527203459777
9.99,-83.3597935834876
10,-83.3668597442204
10.01,-83.3739188423227
10.02,-83.3809708918984
10.03,-83.3880159070096
10.04,-83.3950539016761
10.05,-83.4020848898758
10.06,-83.4091088855451
10.07,-83.4161259025787
10.08,-83.4231359548299
10.09,-83.4301390561111
10.1,-83.4371352201932
10.11,-83.4441244608064
10.12,-83.4511067916404
10.13,-83.4580822263441
10.14,-83.4650507785259
10.15,-83.4720124617543
10.16,-83.4789672895574
10.17,-83.4859152754236
10.18,-83.4928564328013
10.19,-83.4997907750994
10.2,-83.5067183156876
10.21,-83.5136390678958
10.22,-83.5205530450151
10.23,-83.5274602602975
10.24,-83.5343607269562
10.25,-83.5412544581656
10.26,-83.5481414670618
10.27,-83.5550217667421
10.28,-83.561895370266
10.29,-83.5687622906547
10.3,-83.5756225408913
10.31,-83.5824761339215
10.32,-83.5893230826529
10.33,-83.596163399956
10.34,-83.6029970986636
10.35,-83.6098241915716
10.36,-83.6166446914386
10.37,-83.6234586109862
10.38,-83.6302659628996
10.39,-83.6370667598269
10.4,-83.6438610143801
10.41,-83.6506487391345
10.42,-83.6574299466294
10.43,-83.6642046493679
10.44,-83.6709728598172
10.45,-83.6777345904086
10.46,-83.684489853538
10.47,-83.6912386615655
10.48,-83.6979810268158
10.49,-83.7047169615786
10.5,-83.711446478108
10.51,-83.7181695886236
10.52,-83.72488630531
10.53,-83.7315966403167
10.54,-83.7383006057592
10.55,-83.744998213718
10.56,-83.7516894762397
10.57,-83.7583744053364
10.58,-83.7650530129861
10.59,-83.7717253111332
10.6,-83.7783913116878
10.61,-83.7850510265267
10.62,-83.7917044674929
10.63,-83.7983516463962
10.64,-83.8049925750127
10.65,-83.8116272650857
10.66,-83.8182557283253
10.67,-83.8248779764085
10.68,-83.8314940209798
10.69,-83.8381038736507
10.7,-83.8447075460003
10.71,-83.8513050495752
10.72,-83.8578963958896
10.73,-83.8644815964258
10.74,-83.8710606626335
10.75,-83.877633605931
10.76,-83.8842004377043
10.77,-83.8907611693078
10.78,-83.8973158120644
10.79,-83.9038643772655
10.8,-83.9104068761709
10.81,-83.9169433200094
10.82,-83.9234737199784
10.83,-83.9299980872445
10.84,-83.9365164329433
10.85,-83.9430287681796
10.86,-83.9495351040275
10.87,-83.9560354515304
10.88,-83.9625298217014
10.89,-83.9690182255232
10.9,-83.9755006739483
10.91,-83.9819771778991
10.92,-83.9884477482677
10.93,-83.9949123959166
10.94,-84.0013711316784
10.95,-84.007823966356
10.96,-84.0142709107227
10.97,-84.0207119755224
10.98,-84.0271471714696
10.99,-84.0335765092493
11,-84.0399999995178
11.01,-84.046417652902
11.02,-84.0528294799999
11.03,-84.0592354913809
11.04,-84.0656356975854
11.05,-84.0720301091253
11.06,-84.0784187364839
11.07,-84.0848015901161
11.08,-84.0911786804485
11.09,-84.0975500178796
11.1,-84.1039156127795
11.11,-84.1102754754905
11.12,-84.116629616327
11.13,-84.1229780455754
11.14,-84.1293207734946
11.15,-84.1356578103157
11.16,-84.1419891662425
11.17,-84.1483148514512
11.18,-84.1546348760907
11.19,-84.1609492502827
11.2,-84.1672579841218
11.21,-84.1735610876757
11.22,-84.1798585709849
11.23,-84.1861504440633
11.24,-84.1924367168978
11.25,-84.198717399449
11.26,-84.2049925016506
11.27,-84.2112620334101
11.28,-84.2175260046086
11.29,-84.2237844251009
11.3,-84.2300373047155
11.31,-84.2362846532549
11.32,-84.2425264804958
11.33,-84.2487627961887
11.34,-84.2549936100585
11.35,-84.2612189318043
11.36,-84.2674387710996
11.37,-84.2736531375923
11.38,-84.279862040905
11.39,-84.2860654906348
11.4,-84.2922634963537
11.41,-84.2984560676082
11.42,-84.3046432139201
11.43,-84.3108249447859
11.44,-84.3170012696774
11.45,-84.3231721980415
11.46,-84.3293377393002
11.47,-84.3354979028511
11.48,-84.3416526980671
11.49,-84.3478021342965
11.5,-84.3539462208635
11.51,-84.3600849670677
11.52,-84.3662183821847
11.53,-84.3723464754658
11.54,-84.3784692561382
11.55,-84.3845867334054
11.56,-84.3906989164466
11.57,-84.3968058144175
11.58,-84.40290743645
11.59,-84.4090037916523
11.6,-84.4150948891091
11.61,-84.4211807378814
11.62,-84.4272613470072
11.63,-84.4333367255009
11.64,-84.4394068823535
11.65,-84.4454718265333
11.66,-84.4515315669852
11.67,-84.457586112631
11.68,-84.4636354723698
11.69,-84.4696796550779
11.7,-84.4757186696086
11.71,-84.4817525247927
11.72,-84.4877812294381
11.73,-84.4938047923306
11.74,-84.4998232222332
11.75,-84.5058365278867
11.76,-84.5118447180094
11.77,-84.5178478012976
11.78,-84.5238457864253
11.79,-84.5298386820444
11.8,-84.5358264967848
11.81,-84.5418092392547
11.82,-84.5477869180401
11.83,-84.5537595417054
11.84,-84.5597271187933
11.85,-84.5656896578248
11.86,-84.5716471672994
11.87,-84.577599655695
11.88,-84.5835471314682
11.89,-84.5894896030543
11.9,-84.595427078867
11.91,-84.6013595672993
11.92,-84.6072870767226
11.93,-84.6132096154876
11.94,-84.6191271919237
11.95,-84.6250398143396
11.96,-84.6309474910232
11.97,-84.6368502302412
11.98,-84.6427480402402
11.99,-84.6486409292457
12,-84.6545289054628
12.01,-84.660411977076
12.02,-84.6662901522496
12.03,-84.6721634391272
12.04,-84.6780318458324
12.05,-84.6838953804684
12.06,-84.6897540511181
12.07,-84.6956078658448
12.08,-84.7014568326911
12.09,-84.7073009596802
12.1,-84.7131402548151
12.11,-84.7189747260791
12.12,-84.7248043814355
12.13,-84.7306292288282
12.14,-84.7364492761813
12.15,-84.7422645313994
12.16,-84.7480750023675
12.17,-84.7538806969512
12.18,-84.7596816229967
12.19,-84.7654777883309
12.2,-84.7712692007614
12.21,-84.7770558680768
12.22,-84.7828377980464
12.23,-84.7886149984203
12.24,-84.7943874769299
12.25,-84.8001552412875
12.26,-84.8059182991865
12.27,-84.8116766583015
12.28,-84.8174303262884
12.29,-84.8231793107844
12.3,-84.828923619408
12.31,-84.8346632597591
12.32,-84.8403982394192
12.33,-84.8461285659513
12.34,-84.8518542468999
12.35,-84.8575752897914
12.36,-84.8632917021337
12.37,-84.8690034914165
12.38,-84.8747106651116
12.39,-84.8804132306724
12.4,-84.8861111955344
12.41,-84.891804567115
12.42,-84.8974933528139
12.43,-84.9031775600128
12.44,-84.9088571960755
12.45,-84.9145322683482
12.46,-84.9202027841593
12.47,-84.9258687508196
12.48,-84.9315301756224
12.49,-84.9371870658434
12.5,-84.9428394287409
12.51,-84.9484872715555
12.52,-84.9541306015108
12.53,-84.959769425813
12.54,-84.965403751651
12.55,-84.9710335861965
12.56,-84.9766589366041
12.57,-84.9822798100112
12.58,-84.9878962135385
12.59,-84.9935081542893
12.6,-84.9991156393504
12.61,-85.0047186757913
12.62,-85.010317270665
12.63,-85.0159114310076
12.64,-85.0215011638386
12.65,-85.0270864761608
12.66,-85.0326673749604
12.67,-85.0382438672069
12.68,-85.0438159598536
12.69,-85.0493836598372
12.7,-85.0549469740778
12.71,-85.0605059094796
12.72,-85.0660604729301
12.73,-85.0716106713009
12.74,-85.0771565114472
12.75,-85.082698000208
12.76,-85.0882351444064
12.77,-85.0937679508494
12.78,-85.0992964263281
12.79,-85.1048205776174
12.8,-85.1103404114766
12.81,-85.115855934649
12.82,-85.1213671538622
12.83,-85.126874075828
12.84,-85.1323767072426
12.85,-85.1378750547864
12.86,-85.1433691251244
12.87,-85.148858924906
12.88,-85.1543444607649
12.89,-85.1598257393197
12.9,-85.1653027671733
12.91,-85.1707755509135
12.92,-85.1762440971127
12.93,-85.1817084123279
12.94,-85.187168503101
12.95,-85.192624375959
12.96,-85.1980760374132
12.97,-85.2035234939605
12.98,-85.2089667520822
12.99,-85.214405818245
13,-85.2198406989005
13.01,-85.2252714004855
13.02,-85.230697929422
13.03,-85.236120292117
13.04,-85.241538494963
13.05,-85.2469525443376
13.06,-85.2523624466039
13.07,-85.2577682081103
13.08,-85.2631698351907
13.09,-85.2685673341644
13.1,-85.2739607113363
13.11,-85.2793499729967
13.12,-85.2847351254218
13.13,-85.2901161748732
13.14,-85.2954931275984
13.15,-85.3008659898304
13.16,-85.3062347677881
13.17,-85.3115994676764
13.18,-85.3169600956858
13.19,-85.3223166579929
13.2,-85.3276691607601
13.21,-85.333017610136
13.22,-85.3383620122551
13.23,-85.343702373238
13.24,-85.3490386991914
13.25,-85.3543709962082
13.26,-85.3596992703676
13.27,-85.365023527735
13.28,-85.370343774362
13.29,-85.3756600162866
13.3,-85.3809722595331
13.31,-85.3862805101125
13.32,-85.3915847740218
13.33,-85.396885057245
13.34,-85.4021813657521
13.35,-85.4074737055002
13.36,-85.4127620824327
13.37,-85.4180465024797
13.38,-85.4233269715581
13.39,-85.4286034955714
13.4,-85.43387608041
13.41,-85.4391447319512
13.42,-85.4444094560588
13.43,-85.4496702585838
13.44,-85.4549271453642
13.45,-85.4601801222247
13.46,-85.4654291949771
13.47,-85.4706743694205
13.48,-85.4759156513407
13.49,-85.4811530465109
13.5,-85.4863865606913
13.51,-85.4916161996295
13.52,-85.4968419690602
13.53,-85.5020638747053
13.54,-85.5072819222743
13.55,-85.5124961174638
13.56,-85.5177064659578
13.57,-85.5229129734279
13.58,-85.528115645533
13.59,-85.5333144879197
13.6,-85.5385095062218
13.61,-85.5437007060611
13.62,-85.5488880930466
13.63,-85.5540716727753
13.64,-85.5592514508317
13.65,-85.5644274327881
13.66,-85.5695996242044
13.67,-85.5747680306285
13.68,-85.579932657596
13.69,-85.5850935106304
13.7,-85.5902505952432
13.71,-85.5954039169335
13.72,-85.6005534811889
13.73,-85.6056992934845
13.74,-85.6108413592838
13.75,-85.6159796840382
13.76,-85.6211142731872
13.77,-85.6262451321584
13.78,-85.6313722663679
13.79,-85.6364956812196
13.8,-85.6416153821058
13.81,-85.6467313744073
13.82,-85.6518436634929
13.83,-85.6569522547198
13.84,-85.6620571534338
13.85,-85.6671583649689
13.86,-85.6722558946477
13.87,-85.6773497477811
13.88,-85.6824399296687
13.89,-85.6875264455986
13.9,-85.6926093008474
13.91,-85.6976885006803
13.92,-85.7027640503514
13.93,-85.7078359551032
13.94,-85.712904220167
13.95,-85.7179688507629
13.96,-85.7230298520998
13.97,-85.7280872293752
13.98,-85.7331409877757
13.99,-85.7381911324766
14,-85.7432376686423
14.01,-85.7482806014258
14.02,-85.7533199359695
14.03,-85.7583556774045
14.04,-85.763387830851
14.05,-85.7684164014182
14.06,-85.7734413942046
14.07,-85.7784628142976
14.08,-85.783480666774
14.09,-85.7884949566994
14.1,-85.793505689129
14.11,-85.7985128691072
14.12,-85.8035165016674
14.13,-85.8085165918326
14.14,-85.813513144615
14.15,-85.8185061650162
14.16,-85.8234956580272
14.17,-85.8284816286284
14.18,-85.8334640817898
14.19,-85.8384430224707
14.2,-85.84341845562
14.21,-85.8483903861761
14.22,-85.8533588190672
14.23,-85.8583237592107
14.24,-85.863285211514
14.25,-85.8682431808741
14.26,-85.8731976721775
14.27,-85.8781486903005
14.28,-85.8830962401094
14.29,-85.8880403264599
14.3,-85.8929809541979
14.31,-85.8979181281587
14.32,-85.9028518531678
14.33,-85.9077821340405
14.34,-85.912708975582
14.35,-85.9176323825875
14.36,-85.922552359842
14.37,-85.9274689121209
14.38,-85.9323820441892
14.39,-85.9372917608021
14.4,-85.9421980667051
14.41,-85.9471009666336
14.42,-85.9520004653131
14.43,-85.9568965674596
14.44,-85.9617892777788
14.45,-85.966678600967
14.46,-85.9715645417107
14.47,-85.9764471046866
14.48,-85.9813262945617
14.49,-85.9862021159934
14.5,-85.9910745736295
14.51,-85.995943672108
14.52,-86.0008094160575
14.53,-86.0056718100969
14.54,-86.0105308588358
14.55,-86.015386566874
14.56,-86.0202389388019
14.57,-86.0250879792007
14.58,-86.0299336926418
14.59,-86.0347760836874
14.6,-86.0396151568903
14.61,-86.0444509167939
14.62,-86.0492833679324
14.63,-86.0541125148305
14.64,-86.0589383620038
14.65,-86.0637609139585
14.66,-86.0685801751918
14.67,-86.0733961501915
14.68,-86.0782088434362
14.69,-86.0830182593955
14.7,-86.0878244025298
14.71,-86.0926272772905
14.72,-86.0974268881197
14.73,-86.1022232394506
14.74,-86.1070163357074
14.75,-86.1118061813052
14.76,-86.1165927806503
14.77,-86.1213761381399
14.78,-86.1261562581622
14.79,-86.1309331450966
14.8,-86.1357068033137
14.81,-86.1404772371752
14.82,-86.1452444510337
14.83,-86.1500084492335
14.84,-86.1547692361096
14.85,-86.1595268159886
14.86,-86.1642811931883
14.87,-86.1690323720175
14.88,-86.1737803567767
14.89,-86.1785251517576
14.9,-86.183266761243
14.91,-86.1880051895076
14.92,-86.1927404408169
14.93,-86.1974725194283
14.94,-86.2022014295905
14.95,-86.2069271755436
14.96,-86.2116497615192
14.97,-86.2163691917404
14.98,-86.2210854704221
14.99,-86.2257986017704
15,-86.2305085899832
